0,7,-44,-88,0,1,100,0,1264,0,96,96,0,-48,-72,0,1,100,0,680,160,96,96,0,-50,-72,0,0,100,0,0,0,88,80,0,-58,-48,0,1,100,0,504,0,56,56,0,-48,-48,0,1,100,0,680,96,96,64,0,-48,-72,0,1,100,0,680,0,96,96,0,-44,-16,0,0,100,0,680,344,88,32,0,
0,8,-44,-88,0,1,100,0,1360,0,96,96,0,-48,-72,0,1,100,0,776,160,96,96,0,-50,-72,0,0,100,0,88,0,88,80,0,-58,-48,0,1,60,0,504,0,56,56,0,-58,-48,0,1,100,0,504,0,56,56,0,-48,-48,0,1,100,0,776,96,96,64,0,-48,-72,0,1,100,0,776,0,96,96,0,-44,-16,0,0,100,0,680,344,88,32,0,
0,7,-44,-88,0,1,100,0,1456,0,96,96,0,-48,-72,0,1,100,0,872,160,96,96,0,-50,-72,0,0,100,0,176,0,88,80,0,-58,-48,0,1,100,0,504,0,56,56,0,-48,-48,0,1,100,0,872,96,96,64,0,-48,-72,0,1,100,0,872,0,96,96,0,-44,-16,0,0,100,0,680,344,88,32,0,
0,7,-44,-88,0,1,100,0,1552,0,96,96,0,-48,-72,0,1,100,0,968,160,96,96,0,-50,-72,0,0,100,0,264,0,88,80,0,-58,-48,0,1,80,0,504,0,56,56,0,-48,-48,0,1,100,0,968,96,96,64,0,-48,-72,0,1,100,0,968,0,96,96,0,-44,-16,0,0,100,0,680,344,88,32,0,
0,12,-27,-39,0,0,100,0,704,288,24,24,0,5,-36,0,0,100,0,704,288,24,24,0,5,-15,0,0,100,0,680,288,24,24,0,-33,-50,0,0,100,0,680,288,24,24,0,-34,-32,0,0,100,0,728,288,24,24,0,-32,-20,0,0,100,0,752,288,24,24,0,12,-50,0,0,100,0,752,288,24,24,0,-37,-17,0,0,100,0,728,288,24,24,0,-32,-11,0,0,100,0,704,288,24,24,0,16,-11,0,0,100,0,728,288,24,24,0,12,-36,0,0,100,0,704,288,24,24,0,8,-50,0,0,100,0,728,288,24,24,0,
0,11,-27,-29,0,0,100,0,752,288,24,24,0,-27,-41,0,0,100,0,704,288,24,24,0,5,-38,0,0,100,0,728,288,24,24,0,5,-20,0,0,100,0,680,288,24,24,0,-33,-36,0,0,100,0,704,288,24,24,0,-33,-55,0,0,100,0,680,288,24,24,0,-37,-19,0,0,100,0,728,288,24,24,0,-32,-14,0,0,100,0,704,288,24,24,0,16,-13,0,0,100,0,728,288,24,24,0,12,-41,0,0,100,0,704,288,24,24,0,8,-52,0,0,100,0,728,288,24,24,0,
0,12,-27,-32,0,0,100,0,728,288,24,24,0,-27,-44,0,0,100,0,728,288,24,24,0,5,-6,0,0,100,0,728,288,24,24,0,5,-26,0,0,100,0,680,288,24,24,0,-33,-60,0,0,100,0,704,288,24,24,0,-33,-39,0,0,100,0,680,288,24,24,0,12,-29,0,0,100,0,752,288,24,24,0,-37,-21,0,0,100,0,728,288,24,24,0,-32,-16,0,0,100,0,704,288,24,24,0,16,-15,0,0,100,0,728,288,24,24,0,12,-44,0,0,100,0,704,288,24,24,0,8,-54,0,0,100,0,728,288,24,24,0,
0,16,-27,-36,0,0,100,0,704,288,24,24,0,-27,-45,0,0,100,0,752,288,24,24,0,5,-31,0,0,100,0,680,288,24,24,0,5,-9,0,0,100,0,704,288,24,24,0,-33,-62,0,0,100,0,728,288,24,24,0,-33,-44,0,0,100,0,680,288,24,24,0,-32,-9,0,0,100,0,728,288,24,24,0,16,-9,0,0,100,0,752,288,24,24,0,12,-33,0,0,100,0,728,288,24,24,0,8,-48,0,0,100,0,752,288,24,24,0,-37,-22,0,0,100,0,752,288,24,24,0,-37,-15,0,0,100,0,752,288,24,24,0,-32,-19,0,0,100,0,728,288,24,24,0,16,-18,0,0,100,0,752,288,24,24,0,12,-48,0,0,100,0,728,288,24,24,0,8,-57,0,0,100,0,752,288,24,24,0,
0,15,-44,-88,0,1,100,0,1264,0,96,96,0,-48,-72,0,1,100,0,680,160,96,96,0,-17,-56,0,0,100,0,0,80,32,32,0,-2,-34,0,0,100,0,72,208,24,24,0,-13,-39,0,0,100,0,72,184,24,24,0,-5,-56,0,0,100,0,0,144,32,40,0,-17,-35,0,0,100,0,416,240,32,40,0,-18,-34,0,0,100,0,0,232,24,24,0,-16,-22,0,0,100,0,0,256,16,24,0,-26,-40,0,0,100,0,416,112,64,48,0,-55,-53,0,0,100,0,560,0,56,56,0,-55,-53,0,1,100,0,616,0,56,56,0,-48,-48,0,1,100,0,680,96,96,64,0,-48,-72,0,1,100,0,680,0,96,96,0,-44,-16,0,0,100,0,680,344,88,32,0,
0,16,-44,-88,0,1,100,0,1360,0,96,96,0,-48,-72,0,1,100,0,776,160,96,96,0,-17,-55,0,0,100,0,32,80,32,32,0,-2,-33,0,0,100,0,72,208,24,24,0,-13,-38,0,0,100,0,72,184,24,24,0,-5,-55,0,0,100,0,32,144,32,40,0,-17,-35,0,0,100,0,448,240,32,40,0,-18,-33,0,0,100,0,0,232,24,24,0,-16,-21,0,0,100,0,16,256,16,24,0,-26,-39,0,0,100,0,480,112,64,48,0,-55,-52,0,0,100,0,560,0,56,56,0,-55,-52,0,1,60,0,616,0,56,56,0,-55,-52,0,1,100,0,616,0,56,56,0,-48,-48,0,1,100,0,776,96,96,64,0,-48,-72,0,1,100,0,776,0,96,96,0,-44,-16,0,0,100,0,680,344,88,32,0,
0,15,-44,-88,0,1,100,0,1456,0,96,96,0,-48,-72,0,1,100,0,872,160,96,96,0,-17,-56,0,0,100,0,0,80,32,32,0,-2,-34,0,0,100,0,72,208,24,24,0,-13,-39,0,0,100,0,72,184,24,24,0,-5,-56,0,0,100,0,64,144,32,40,0,-17,-35,0,0,100,0,416,240,32,40,0,-18,-34,0,0,100,0,0,232,24,24,0,-16,-22,0,0,100,0,0,256,16,24,0,-26,-40,0,0,100,0,544,112,64,48,0,-55,-53,0,0,100,0,560,0,56,56,0,-55,-53,0,1,100,0,616,0,56,56,0,-48,-48,0,1,100,0,872,96,96,64,0,-48,-72,0,1,100,0,872,0,96,96,0,-44,-16,0,0,100,0,680,344,88,32,0,
0,15,-44,-88,0,1,100,0,1552,0,96,96,0,-48,-72,0,1,100,0,968,160,96,96,0,-17,-57,0,0,100,0,64,80,32,32,0,-2,-35,0,0,100,0,72,208,24,24,0,-13,-40,0,0,100,0,72,184,24,24,0,-5,-57,0,0,100,0,96,144,32,40,0,-17,-35,0,0,100,0,480,240,32,40,0,-18,-35,0,0,100,0,0,232,24,24,0,-16,-23,0,0,100,0,32,256,16,24,0,-26,-41,0,0,100,0,608,112,64,48,0,-55,-54,0,0,100,0,560,0,56,56,0,-55,-54,0,1,80,0,616,0,56,56,0,-48,-48,0,1,100,0,968,96,96,64,0,-48,-72,0,1,100,0,968,0,96,96,0,-44,-16,0,0,100,0,680,344,88,32,0,
0,15,-44,-88,0,1,100,0,1264,0,96,96,0,-48,-72,0,1,100,0,680,160,96,96,0,-15,-60,0,0,100,0,0,80,32,32,0,-3,-36,0,0,100,0,0,208,24,24,0,-12,-42,0,0,100,0,0,184,24,24,0,-3,-60,0,0,100,0,0,144,32,40,0,-16,-35,0,0,100,0,0,280,32,40,0,-20,-35,0,0,100,0,0,232,24,24,0,-16,-24,0,0,100,0,0,256,16,24,0,-26,-40,0,0,100,0,416,112,64,48,0,-58,-48,0,0,100,0,448,0,56,56,0,-58,-48,0,1,100,0,504,0,56,56,0,-48,-48,0,1,100,0,680,96,96,64,0,-48,-72,0,1,100,0,680,0,96,96,0,-44,-16,0,0,100,0,680,344,88,32,0,
0,16,-44,-88,0,1,100,0,1360,0,96,96,0,-48,-72,0,1,100,0,776,160,96,96,0,-15,-60,0,0,100,0,32,80,32,32,0,-3,-36,0,0,100,0,0,208,24,24,0,-12,-42,0,0,100,0,0,184,24,24,0,-3,-60,0,0,100,0,32,144,32,40,0,-16,-35,0,0,100,0,0,280,32,40,0,-20,-35,0,0,100,0,0,232,24,24,0,-16,-24,0,0,100,0,16,256,16,24,0,-26,-40,0,0,100,0,480,112,64,48,0,-58,-48,0,0,100,0,448,0,56,56,0,-58,-48,0,1,60,0,504,0,56,56,0,-58,-48,0,1,100,0,504,0,56,56,0,-48,-48,0,1,100,0,776,96,96,64,0,-48,-72,0,1,100,0,776,0,96,96,0,-44,-16,0,0,100,0,680,344,88,32,0,
0,15,-44,-88,0,1,100,0,1456,0,96,96,0,-48,-72,0,1,100,0,872,160,96,96,0,-15,-60,0,0,100,0,0,80,32,32,0,-3,-36,0,0,100,0,0,208,24,24,0,-12,-42,0,0,100,0,0,184,24,24,0,-3,-60,0,0,100,0,64,144,32,40,0,-16,-35,0,0,100,0,0,280,32,40,0,-20,-35,0,0,100,0,0,232,24,24,0,-16,-24,0,0,100,0,0,256,16,24,0,-26,-40,0,0,100,0,544,112,64,48,0,-58,-48,0,0,100,0,448,0,56,56,0,-58,-48,0,1,100,0,504,0,56,56,0,-48,-48,0,1,100,0,872,96,96,64,0,-48,-72,0,1,100,0,872,0,96,96,0,-44,-16,0,0,100,0,680,344,88,32,0,
0,15,-44,-88,0,1,100,0,1552,0,96,96,0,-48,-72,0,1,100,0,968,160,96,96,0,-15,-60,0,0,100,0,64,80,32,32,0,-3,-36,0,0,100,0,0,208,24,24,0,-12,-42,0,0,100,0,0,184,24,24,0,-3,-60,0,0,100,0,96,144,32,40,0,-16,-35,0,0,100,0,0,280,32,40,0,-20,-35,0,0,100,0,0,232,24,24,0,-16,-24,0,0,100,0,32,256,16,24,0,-26,-40,0,0,100,0,608,112,64,48,0,-58,-48,0,0,100,0,448,0,56,56,0,-58,-48,0,1,80,0,504,0,56,56,0,-48,-48,0,1,100,0,968,96,96,64,0,-48,-72,0,1,100,0,968,0,96,96,0,-44,-16,0,0,100,0,680,344,88,32,0,
0,17,-44,-88,0,1,100,0,1264,0,96,96,0,-48,-72,0,1,100,0,680,160,96,96,0,-24,-51,0,1,100,0,680,384,32,32,0,-16,-39,0,0,100,0,24,208,24,24,0,-16,-35,0,0,100,90,144,216,16,16,0,-39,-75,1,0,100,90,448,56,56,56,0,-39,-75,1,1,100,90,504,56,56,56,0,-13,-60,0,0,100,0,96,80,32,32,0,-13,-42,0,0,100,0,24,184,24,24,0,-1,-60,0,0,100,0,0,144,32,40,0,-15,-35,0,0,100,0,32,280,32,40,0,-15,-41,0,0,100,0,240,208,24,24,0,-15,-24,0,0,100,0,0,256,16,24,0,-26,-40,0,0,100,0,416,112,64,48,0,-48,-48,0,1,100,0,680,96,96,64,0,-48,-72,0,1,100,0,680,0,96,96,0,-44,-16,0,0,100,0,680,344,88,32,0,
0,18,-44,-88,0,1,100,0,1360,0,96,96,0,-48,-72,0,1,100,0,776,160,96,96,0,-24,-51,0,1,100,0,712,384,32,32,0,-16,-39,0,0,100,0,24,208,24,24,0,-16,-35,0,0,100,90,144,216,16,16,0,-39,-75,1,0,100,90,448,56,56,56,0,-39,-75,1,1,60,90,504,56,56,56,0,-39,-75,1,1,100,90,504,56,56,56,0,-13,-60,0,0,100,0,128,80,32,32,0,-13,-42,0,0,100,0,24,184,24,24,0,-1,-60,0,0,100,0,32,144,32,40,0,-15,-35,0,0,100,0,32,280,32,40,0,-15,-41,0,0,100,0,240,208,24,24,0,-15,-24,0,0,100,0,16,256,16,24,0,-26,-40,0,0,100,0,480,112,64,48,0,-48,-48,0,1,100,0,776,96,96,64,0,-48,-72,0,1,100,0,776,0,96,96,0,-44,-16,0,0,100,0,680,344,88,32,0,
0,17,-44,-88,0,1,100,0,1456,0,96,96,0,-48,-72,0,1,100,0,872,160,96,96,0,-24,-51,0,1,100,0,680,416,32,32,0,-16,-39,0,0,100,0,24,208,24,24,0,-16,-35,0,0,100,90,144,216,16,16,0,-39,-75,1,0,100,90,448,56,56,56,0,-39,-75,1,1,100,90,504,56,56,56,0,-13,-60,0,0,100,0,96,80,32,32,0,-13,-42,0,0,100,0,24,184,24,24,0,-1,-60,0,0,100,0,64,144,32,40,0,-15,-35,0,0,100,0,32,280,32,40,0,-15,-41,0,0,100,0,240,208,24,24,0,-15,-24,0,0,100,0,0,256,16,24,0,-26,-40,0,0,100,0,544,112,64,48,0,-48,-48,0,1,100,0,872,96,96,64,0,-48,-72,0,1,100,0,872,0,96,96,0,-44,-16,0,0,100,0,680,344,88,32,0,
0,17,-44,-88,0,1,100,0,1552,0,96,96,0,-48,-72,0,1,100,0,968,160,96,96,0,-24,-51,0,1,100,0,712,416,32,32,0,-16,-39,0,0,100,0,24,208,24,24,0,-16,-35,0,0,100,90,144,216,16,16,0,-39,-75,1,0,100,90,448,56,56,56,0,-39,-75,1,1,80,90,504,56,56,56,0,-13,-60,0,0,100,0,160,80,32,32,0,-13,-42,0,0,100,0,24,184,24,24,0,-1,-60,0,0,100,0,96,144,32,40,0,-15,-35,0,0,100,0,32,280,32,40,0,-15,-41,0,0,100,0,240,208,24,24,0,-15,-24,0,0,100,0,32,256,16,24,0,-26,-40,0,0,100,0,608,112,64,48,0,-48,-48,0,1,100,0,968,96,96,64,0,-48,-72,0,1,100,0,968,0,96,96,0,-44,-16,0,0,100,0,680,344,88,32,0,
0,0,
0,0,
0,0,
0,0,
0,18,-36,-88,0,1,100,0,1264,0,96,96,0,-40,-72,0,1,100,0,680,160,96,96,0,-30,-55,0,1,100,0,680,384,32,32,0,-6,-59,0,0,100,0,96,112,32,32,0,15,-29,1,0,100,270,160,216,16,16,0,-17,-43,0,0,100,0,192,216,16,16,0,-10,-42,0,0,100,0,336,208,24,24,0,13,-49,1,0,100,0,448,0,56,56,0,13,-49,1,1,100,0,504,0,56,56,0,-3,-41,0,0,100,0,48,184,24,24,0,9,-55,0,0,100,0,128,144,32,32,0,-4,-35,0,0,100,0,288,280,32,40,0,8,-41,0,0,100,0,384,208,24,24,0,-6,-28,0,0,100,0,48,256,16,24,0,-7,-40,0,0,100,0,416,160,64,48,0,-40,-48,0,1,100,0,680,96,96,64,0,-40,-72,0,1,100,0,680,0,96,96,0,-35,-16,0,0,100,0,680,344,88,32,0,
0,19,-36,-88,0,1,100,0,1360,0,96,96,0,-40,-72,0,1,100,0,776,160,96,96,0,-30,-55,0,1,100,0,712,416,32,32,0,-6,-59,0,0,100,0,128,112,32,32,0,15,-29,1,0,100,270,160,216,16,16,0,-17,-43,0,0,100,0,192,216,16,16,0,-10,-42,0,0,100,0,336,208,24,24,0,13,-49,1,0,100,0,448,0,56,56,0,13,-49,1,1,60,0,504,0,56,56,0,13,-49,1,1,100,0,504,0,56,56,0,-3,-41,0,0,100,0,48,184,24,24,0,9,-55,0,0,100,0,160,144,32,32,0,-4,-35,0,0,100,0,288,280,32,40,0,8,-41,0,0,100,0,384,208,24,24,0,-6,-28,0,0,100,0,64,256,16,24,0,-7,-40,0,0,100,0,480,160,64,48,0,-40,-48,0,1,100,0,776,96,96,64,0,-40,-72,0,1,100,0,776,0,96,96,0,-35,-16,0,0,100,0,680,344,88,32,0,
0,18,-36,-88,0,1,100,0,1456,0,96,96,0,-40,-72,0,1,100,0,872,160,96,96,0,-30,-55,0,1,100,0,680,416,32,32,0,-6,-59,0,0,100,0,96,112,32,32,0,15,-29,1,0,100,270,160,216,16,16,0,-17,-43,0,0,100,0,192,216,16,16,0,-10,-42,0,0,100,0,336,208,24,24,0,13,-49,1,0,100,0,448,0,56,56,0,13,-49,1,1,100,0,504,0,56,56,0,-3,-41,0,0,100,0,48,184,24,24,0,9,-55,0,0,100,0,192,144,32,32,0,-4,-35,0,0,100,0,288,280,32,40,0,8,-41,0,0,100,0,384,208,24,24,0,-6,-28,0,0,100,0,48,256,16,24,0,-7,-40,0,0,100,0,544,160,64,48,0,-40,-48,0,1,100,0,872,96,96,64,0,-40,-72,0,1,100,0,872,0,96,96,0,-35,-16,0,0,100,0,680,344,88,32,0,
0,18,-36,-88,0,1,100,0,1552,0,96,96,0,-40,-72,0,1,100,0,968,160,96,96,0,-30,-55,0,1,100,0,712,384,32,32,0,-6,-59,0,0,100,0,160,112,32,32,0,15,-29,1,0,100,270,160,216,16,16,0,-17,-43,0,0,100,0,192,216,16,16,0,-10,-42,0,0,100,0,336,208,24,24,0,13,-49,1,0,100,0,448,0,56,56,0,13,-49,1,1,80,0,504,0,56,56,0,-3,-41,0,0,100,0,48,184,24,24,0,9,-55,0,0,100,0,224,144,32,32,0,-4,-35,0,0,100,0,288,280,32,40,0,8,-41,0,0,100,0,384,208,24,24,0,-6,-28,0,0,100,0,80,256,16,24,0,-7,-40,0,0,100,0,608,160,64,48,0,-40,-48,0,1,100,0,968,96,96,64,0,-40,-72,0,1,100,0,968,0,96,96,0,-35,-16,0,0,100,0,680,344,88,32,0,
0,0,
0,0,
0,0,
0,0,
0,15,-44,-88,0,1,100,0,1264,0,96,96,0,-48,-72,0,1,100,0,680,160,96,96,0,-6,-39,0,0,100,0,312,232,24,24,0,-22,-60,0,0,100,0,32,80,32,32,0,-18,-43,0,0,100,0,72,184,24,24,0,-10,-56,0,0,100,0,128,144,32,32,0,-16,-35,0,0,100,0,96,280,32,40,0,-17,-25,0,0,100,0,0,256,16,24,0,-19,-36,0,0,100,0,0,232,24,24,0,-57,-49,0,0,100,0,448,0,56,56,0,-57,-49,0,1,100,0,504,0,56,56,0,-31,-43,0,0,100,0,480,112,64,48,0,-48,-48,1,1,100,0,680,96,96,64,0,-48,-72,0,1,100,0,680,0,96,96,0,-44,-16,0,0,100,0,680,344,88,32,0,
0,14,-44,-88,0,1,100,0,1264,0,96,96,0,-48,-72,0,1,100,0,680,160,96,96,0,-6,-39,0,0,100,0,312,232,24,24,0,-22,-60,0,0,100,0,32,80,32,32,0,-18,-43,0,0,100,0,72,184,24,24,0,-10,-56,0,0,100,0,128,144,32,32,0,-16,-35,0,0,100,0,96,280,32,40,0,-17,-25,0,0,100,0,0,256,16,24,0,-19,-36,0,0,100,0,0,232,24,24,0,-57,-49,0,0,100,0,448,0,56,56,0,-57,-49,0,1,100,0,504,0,56,56,0,-31,-43,0,0,100,0,480,112,64,48,0,-48,-48,1,1,100,0,680,96,96,64,0,-48,-72,0,1,100,0,680,0,96,96,0,
0,2,-24,-48,0,0,100,0,744,384,64,64,0,-36,-16,0,0,100,0,680,344,88,32,0,
0,2,-46,-40,0,0,100,0,720,448,88,64,0,-46,-16,0,0,100,0,680,344,88,32,0,
0,12,-48,-72,0,1,100,0,680,160,96,96,0,-50,-72,0,0,100,0,0,0,88,80,0,-58,-48,0,1,100,0,504,0,56,56,0,-48,-48,0,1,100,0,680,96,96,64,0,-48,-72,0,1,100,0,680,0,96,96,0,-44,-16,0,0,100,0,680,344,88,32,0,-146,-72,0,0,100,0,0,0,88,80,0,-154,-48,0,1,100,0,504,0,56,56,0,-144,-48,0,1,100,0,680,96,96,64,0,-140,-16,0,0,100,0,680,344,88,32,0,-242,-72,0,0,100,0,0,0,88,80,0,-236,-16,0,0,100,0,680,344,88,32,0,
0,0,
0,8,-14,-54,0,0,100,0,168,232,24,24,0,-17,-73,0,0,100,0,32,112,32,32,0,-13,-56,0,0,100,0,24,184,24,24,0,-5,-73,0,0,100,0,32,144,32,40,0,-16,-49,0,0,100,0,480,280,32,40,0,-16,-39,0,0,100,0,16,256,16,24,0,-26,-53,0,0,100,0,544,112,64,48,0,-43,-16,0,0,100,0,680,344,88,32,0,
0,8,-14,-53,0,0,100,0,168,232,24,24,0,-17,-72,0,0,100,0,0,112,32,32,0,-13,-55,0,0,100,0,24,184,24,24,0,-5,-72,0,0,100,0,64,144,32,40,0,-16,-48,0,0,100,0,480,280,32,40,0,-16,-38,0,0,100,0,0,256,16,24,0,-26,-52,0,0,100,0,608,112,64,48,0,-43,-16,0,0,100,0,680,344,88,32,0,
0,8,-14,-54,0,0,100,0,168,232,24,24,0,-17,-73,0,0,100,0,64,112,32,32,0,-13,-56,0,0,100,0,24,184,24,24,0,-5,-73,0,0,100,0,96,144,32,40,0,-16,-49,0,0,100,0,480,280,32,40,0,-16,-39,0,0,100,0,32,256,16,24,0,-26,-53,0,0,100,0,416,112,64,48,0,-43,-16,0,0,100,0,680,344,88,32,0,
0,8,-14,-55,0,0,100,0,168,232,24,24,0,-17,-74,0,0,100,0,0,112,32,32,0,-13,-57,0,0,100,0,24,184,24,24,0,-5,-74,0,0,100,0,0,144,32,40,0,-16,-50,0,0,100,0,480,280,32,40,0,-16,-40,0,0,100,0,0,256,16,24,0,-26,-54,0,0,100,0,480,112,64,48,0,-43,-16,0,0,100,0,680,344,88,32,0,
0,0,
0,0,
0,0,
0,0,
0,0,
0,15,-44,-88,0,1,60,0,1264,0,96,96,0,-48,-72,0,1,60,0,680,160,96,96,0,-17,-58,0,0,100,0,224,80,32,32,0,-3,-34,0,0,100,0,48,208,24,24,0,-14,-41,0,0,100,0,72,184,24,24,0,-5,-58,0,0,100,0,32,144,32,40,0,-16,-35,0,0,100,0,512,280,32,40,0,-20,-32,0,0,100,0,0,232,24,24,0,-16,-22,0,0,100,0,0,256,16,24,0,-28,-37,0,0,100,0,480,112,64,48,0,-58,-45,0,0,40,0,448,0,56,56,0,-58,-45,0,1,100,0,504,0,56,56,0,-48,-48,0,1,60,0,680,96,96,64,0,-48,-72,0,1,60,0,680,0,96,96,0,-44,-16,0,0,100,0,680,344,88,32,0,
0,13,-44,-88,0,1,40,0,1360,0,96,96,0,-48,-72,0,1,40,0,776,160,96,96,0,-14,-64,0,0,100,0,192,112,32,32,0,0,-42,0,0,100,0,248,256,32,24,0,-11,-46,0,0,100,0,0,184,24,24,0,-2,-62,0,0,100,0,64,144,32,40,0,-14,-36,0,0,100,0,416,280,32,40,0,-22,-41,0,0,100,0,176,256,24,24,0,-16,-28,0,0,100,0,0,256,16,24,0,-26,-44,0,0,100,0,608,112,64,48,0,-48,-48,0,1,40,0,776,96,96,64,0,-48,-72,0,1,40,0,776,0,96,96,0,-42,-16,0,0,100,0,680,344,88,32,0,
0,14,21,-38,0,1,100,0,680,264,24,24,0,0,-29,0,1,100,0,680,264,24,24,0,-27,-46,0,1,100,0,680,264,24,24,0,8,-46,0,1,100,0,704,264,24,24,0,-32,-34,0,1,100,0,704,264,24,24,0,-14,-78,0,0,100,0,224,112,32,32,0,0,-56,0,0,100,0,280,256,32,24,0,-11,-60,0,0,100,0,0,184,24,24,0,-2,-76,0,0,100,0,96,144,32,40,0,-14,-50,0,0,100,0,416,280,32,40,0,-22,-55,0,0,100,0,200,256,24,24,0,-16,-42,0,0,100,0,32,256,16,24,0,-26,-58,0,0,100,0,416,112,64,48,0,-41,-16,0,0,100,0,680,344,88,32,0,
0,15,24,-34,0,1,100,0,680,264,24,24,0,3,-22,0,1,100,0,680,264,24,24,0,-32,-42,0,1,100,0,680,264,24,24,0,10,-39,0,1,100,0,704,264,24,24,0,-20,-31,0,1,100,0,704,264,24,24,0,-32,-22,0,1,100,0,704,264,24,24,0,-14,-80,0,0,100,0,224,112,32,32,0,0,-58,0,0,100,0,312,256,32,24,0,-11,-62,0,0,100,0,0,184,24,24,0,-2,-78,0,0,100,0,0,144,32,40,0,-14,-52,0,0,100,0,416,280,32,40,0,-22,-57,0,0,100,0,224,256,24,24,0,-16,-44,0,0,100,0,0,256,16,24,0,-26,-60,0,0,100,0,480,112,64,48,0,-41,-16,0,0,100,0,680,344,88,32,0,
0,15,26,-29,0,1,100,0,704,264,24,24,0,5,-18,0,1,100,0,704,264,24,24,0,-35,-38,0,1,100,0,704,264,24,24,0,12,-35,0,1,100,0,728,264,24,24,0,-20,-27,0,1,100,0,728,264,24,24,0,-32,-20,0,1,100,0,728,264,24,24,0,-14,-82,0,0,100,0,224,112,32,32,0,0,-60,0,0,100,0,312,256,32,24,0,-11,-64,0,0,100,0,0,184,24,24,0,-2,-80,0,0,100,0,32,144,32,40,0,-14,-54,0,0,100,0,416,280,32,40,0,-22,-59,0,0,100,0,224,256,24,24,0,-16,-46,0,0,100,0,16,256,16,24,0,-26,-62,0,0,100,0,544,112,64,48,0,-41,-16,0,0,100,0,680,344,88,32,0,
0,11,27,-27,0,1,100,0,728,264,24,24,0,6,-16,0,1,40,0,704,264,24,24,0,-36,-35,0,1,40,0,704,264,24,24,0,-14,-70,0,0,100,0,80,232,32,24,0,-13,-82,0,0,100,0,192,112,32,32,0,-10,-64,0,0,100,0,0,184,24,24,0,-1,-81,0,0,100,0,64,144,32,40,0,-12,-54,0,0,100,0,416,280,32,40,0,-15,-46,0,0,100,0,0,256,16,24,0,-25,-62,0,0,100,0,608,112,64,48,0,-41,-16,0,0,100,0,680,344,88,32,0,
0,8,-14,-65,0,0,100,0,112,232,32,24,0,-13,-81,0,0,100,0,0,80,32,32,0,-10,-63,0,0,100,0,0,184,24,24,0,-1,-81,0,0,100,0,96,144,32,40,0,-13,-56,0,0,100,0,192,280,32,40,0,-15,-45,0,0,100,0,32,256,16,24,0,-25,-61,0,0,100,0,416,112,64,48,0,-41,-16,0,0,100,0,680,344,88,32,0,
0,8,-13,-58,0,0,100,0,144,232,24,24,0,-16,-77,0,0,100,0,0,112,32,32,0,-12,-60,0,0,100,0,24,184,24,24,0,-4,-77,0,0,100,0,0,144,32,40,0,-15,-53,0,0,100,0,448,280,32,40,0,-15,-43,0,0,100,0,0,256,16,24,0,-25,-57,0,0,100,0,480,112,64,48,0,-42,-16,0,0,100,0,680,344,88,32,0,
0,0,
0,0,
0,0,
0,0,
0,0,
0,0,
0,0,
0,0,
0,0,
0,0,
0,0,
0,24,25,-23,0,1,60,0,1448,96,24,24,0,-18,-10,0,1,60,0,1424,96,24,24,0,10,-38,0,1,40,0,1344,96,40,40,0,-29,-21,0,1,40,0,1264,96,40,40,0,-44,-88,0,1,100,0,1264,0,96,96,0,-48,-72,0,1,60,0,680,160,96,96,0,17,-16,0,1,60,0,560,272,24,24,0,-37,-20,0,1,60,0,560,272,24,24,0,-48,-35,0,1,40,0,640,232,40,40,0,12,-34,0,1,40,0,520,232,40,40,0,-31,-11,0,1,40,0,560,232,40,40,0,-17,-58,0,0,100,0,224,80,32,32,0,-3,-34,0,0,100,0,48,208,24,24,0,-14,-41,0,0,100,0,72,184,24,24,0,-5,-58,0,0,100,0,32,144,32,40,0,-16,-35,0,0,100,0,512,280,32,40,0,-20,-32,0,0,100,0,0,232,24,24,0,-16,-22,0,0,100,0,0,256,16,24,0,-28,-37,0,0,100,0,480,112,64,48,0,-58,-45,0,0,100,0,448,0,56,56,0,-58,-45,0,1,100,0,504,0,56,56,0,-48,-48,0,1,60,0,680,96,96,64,0,-48,-72,0,1,60,0,680,0,96,96,0,-44,-16,0,0,100,0,680,344,88,32,0,
0,25,6,-15,0,1,100,0,1472,96,24,24,0,12,-16,0,1,100,0,1448,96,24,24,0,9,-21,0,1,100,0,1424,96,24,24,0,-15,-8,0,1,100,0,1472,96,24,24,0,-12,-2,0,1,100,0,1424,96,24,24,0,4,-39,0,1,60,0,1344,96,40,40,0,-27,-22,0,1,60,0,1264,96,40,40,0,-44,-88,0,1,40,0,1360,0,96,96,0,-48,-72,0,1,40,0,776,160,96,96,0,-22,4,0,1,100,0,560,272,24,24,0,27,-22,0,1,100,0,560,272,24,24,0,-41,-24,0,1,100,0,560,272,24,24,0,17,-15,0,1,40,0,584,272,24,24,0,-38,-14,0,1,40,0,584,272,24,24,0,-52,-42,0,1,60,0,600,232,40,40,0,15,-37,0,1,60,0,560,232,40,40,0,-35,-14,0,1,60,0,520,232,40,40,0,-4,-40,0,0,100,0,176,216,16,16,0,-26,-76,1,0,100,90,448,56,56,56,0,-26,-76,1,1,60,90,504,56,56,56,0,-26,-76,1,1,100,90,504,56,56,56,0,-34,-64,0,0,100,0,704,536,72,72,0,-48,-48,0,1,40,0,776,96,96,64,0,-48,-72,0,1,40,0,776,0,96,96,0,-43,-16,0,0,100,0,680,344,88,32,0,
0,21,21,-25,0,1,100,0,1472,96,24,24,0,15,-28,0,1,100,0,1448,96,24,24,0,23,-32,0,1,100,0,1424,96,24,24,0,-18,-2,0,1,100,0,1472,96,24,24,0,-15,-10,0,1,100,0,1424,96,24,24,0,10,-46,0,1,100,0,1344,96,40,40,0,-29,-29,0,1,100,0,1264,96,40,40,0,-22,1,0,1,100,0,584,272,24,24,0,-39,-9,0,1,100,0,560,272,24,24,0,-49,-38,0,1,100,0,560,272,24,24,0,-42,-33,0,1,40,0,584,272,24,24,0,24,-27,0,1,100,0,560,272,24,24,0,35,-31,0,1,100,0,584,272,24,24,0,-55,-52,0,1,100,0,640,232,40,40,0,20,-44,0,1,100,0,520,232,40,40,0,-41,-24,0,1,100,0,560,232,40,40,0,1,-45,0,0,100,0,176,216,16,16,0,-21,-80,1,0,100,90,448,56,56,56,0,-21,-80,1,1,100,90,504,56,56,56,0,-34,-69,0,0,100,0,776,536,72,72,0,-42,-16,0,0,100,0,680,344,88,32,0,
0,21,12,-31,0,1,100,0,1472,96,24,24,0,24,-28,0,1,100,0,1448,96,24,24,0,17,-39,0,1,100,0,1424,96,24,24,0,-18,-16,0,1,100,0,1424,96,24,24,0,-24,-21,0,1,100,0,1424,96,24,24,0,10,-55,0,1,100,0,1344,96,40,40,0,-29,-38,0,1,100,0,1264,96,40,40,0,-34,-12,0,1,100,0,560,272,24,24,0,-39,-7,0,1,100,0,560,272,24,24,0,-51,-42,0,1,100,0,560,272,24,24,0,28,-33,0,1,100,0,560,272,24,24,0,36,-29,0,1,100,0,584,272,24,24,0,24,-26,0,1,100,0,584,272,24,24,0,-56,-58,0,1,100,0,600,232,40,40,0,22,-54,0,1,100,0,560,232,40,40,0,-43,-32,0,1,100,0,520,232,40,40,0,-34,-72,0,0,100,0,848,536,72,72,0,-4,-45,0,0,100,90,144,216,16,16,0,-27,-83,1,0,100,90,448,56,56,56,0,-27,-83,1,1,80,90,504,56,56,56,0,-42,-16,0,0,100,0,680,344,88,32,0,
0,25,26,-22,0,1,100,0,1472,96,24,24,0,17,-30,0,1,100,0,1448,96,24,24,0,22,-42,0,1,100,0,1424,96,24,24,0,-19,-10,0,1,100,0,1472,96,24,24,0,-22,-17,0,1,100,0,1448,96,24,24,0,-16,-24,0,1,100,0,1448,96,24,24,0,-26,-31,0,1,100,0,1424,96,24,24,0,10,-64,0,1,100,0,1344,96,40,40,0,-29,-47,0,1,100,0,1264,96,40,40,0,-40,-20,0,1,100,0,560,272,24,24,0,-33,-10,0,1,100,0,560,272,24,24,0,-39,-5,0,1,100,0,584,272,24,24,0,-53,-43,0,1,100,0,584,272,24,24,0,33,-43,0,1,100,0,560,272,24,24,0,23,-23,0,1,100,0,608,272,24,24,0,27,-32,0,1,100,0,584,272,24,24,0,37,-26,0,1,100,0,608,272,24,24,0,-58,-63,0,1,100,0,640,232,40,40,0,23,-59,0,1,100,0,520,232,40,40,0,-45,-37,0,1,100,0,560,232,40,40,0,-35,-77,0,0,100,0,920,536,72,72,0,-14,-50,0,0,100,90,144,216,16,16,0,-37,-88,1,0,100,90,448,56,56,56,0,-37,-88,1,1,100,90,504,56,56,56,0,-43,-16,0,0,100,0,680,344,88,32,0,
0,16,17,-51,0,1,100,0,1472,96,24,24,0,-19,-34,0,1,100,0,1424,96,24,24,0,10,-71,0,1,100,0,1344,96,40,40,0,-29,-54,0,1,100,0,1264,96,40,40,0,-40,-20,0,1,100,0,584,272,24,24,0,-53,-45,0,1,100,0,608,272,24,24,0,35,-42,0,1,100,0,560,272,24,24,0,-58,-67,0,1,100,0,600,232,40,40,0,24,-63,0,1,100,0,560,232,40,40,0,-45,-41,0,1,100,0,520,232,40,40,0,-18,-54,0,0,100,90,144,216,16,16,0,-41,-92,1,0,100,90,448,56,56,56,0,-41,-92,1,1,60,90,504,56,56,56,0,-41,-92,1,1,100,90,504,56,56,56,0,-34,-81,0,0,100,0,992,536,72,72,0,-44,-16,0,0,100,0,680,344,88,32,0,
0,14,-22,-28,0,1,100,0,1472,96,24,24,0,17,-50,0,1,100,0,1448,96,24,24,0,10,-73,0,1,100,0,1384,96,40,40,0,-29,-56,0,1,100,0,1304,96,40,40,0,-40,-17,0,1,100,0,608,272,24,24,0,35,-38,0,1,100,0,584,272,24,24,0,-58,-69,0,1,100,0,640,232,40,40,0,24,-65,0,1,100,0,520,232,40,40,0,-45,-43,0,1,100,0,560,232,40,40,0,-17,-54,0,0,100,90,144,216,16,16,0,-40,-92,1,0,100,90,448,56,56,56,0,-40,-92,1,1,100,90,504,56,56,56,0,-34,-82,0,0,100,0,1064,536,72,72,0,-44,-16,0,0,100,0,680,344,88,32,0,
0,16,10,-74,0,1,100,0,1344,96,40,40,0,-29,-57,0,1,100,0,1264,96,40,40,0,-58,-70,0,1,100,0,600,232,40,40,0,24,-66,0,1,100,0,560,232,40,40,0,-45,-44,0,1,100,0,520,232,40,40,0,-1,-54,0,0,100,0,176,216,16,16,0,-12,-58,0,0,100,0,360,232,24,24,0,-21,-92,1,0,100,90,448,0,56,56,0,-21,-92,1,1,80,90,504,0,56,56,0,-12,-77,0,0,100,0,0,80,32,32,0,-7,-59,0,0,100,0,48,184,24,24,0,1,-77,0,0,100,0,32,144,32,40,0,-9,-53,0,0,100,0,96,280,32,40,0,0,-54,0,0,100,0,408,208,24,24,0,-22,-58,0,0,100,0,480,112,64,48,0,-37,-16,0,0,100,0,680,344,88,32,0,
0,16,10,-74,0,1,100,0,1384,96,40,40,0,-29,-57,0,1,100,0,1304,96,40,40,0,-58,-70,0,1,100,0,640,232,40,40,0,24,-66,0,1,100,0,520,232,40,40,0,-45,-44,0,1,100,0,560,232,40,40,0,3,-53,0,0,100,0,176,216,16,16,0,-8,-57,0,0,100,0,360,232,24,24,0,-17,-91,1,0,100,90,448,0,56,56,0,-17,-91,1,1,100,90,504,0,56,56,0,-9,-76,0,0,100,0,0,80,32,32,0,-5,-52,0,0,100,0,96,280,32,40,0,-5,-58,0,0,100,0,48,184,24,24,0,4,-76,0,0,100,0,0,144,32,40,0,4,-54,0,0,100,0,408,208,24,24,0,-20,-57,0,0,100,0,416,112,64,48,0,-34,-16,0,0,100,0,680,344,88,32,0,
0,24,-61,-45,0,1,100,0,1424,96,24,24,0,19,-63,0,1,100,0,1424,96,24,24,0,-45,-72,0,1,100,0,1304,96,40,40,0,-125,-54,0,1,100,0,1304,96,40,40,0,23,-60,0,1,100,0,560,272,24,24,0,-58,-36,0,1,100,0,560,272,24,24,0,-36,-61,0,1,100,0,560,272,24,24,0,-82,-70,0,1,100,0,600,232,40,40,0,-40,-66,0,1,100,0,560,232,40,40,0,-109,-44,0,1,100,0,560,232,40,40,0,-52,-82,0,1,100,0,352,0,96,56,0,3,-78,0,0,100,0,96,112,32,32,0,-6,-58,0,0,100,90,160,216,16,16,0,-3,-61,0,0,100,0,288,208,24,24,0,-44,-83,0,0,100,0,560,0,56,56,0,-44,-83,0,1,60,0,616,0,56,56,0,-44,-83,0,1,100,0,616,0,56,56,0,6,-60,0,0,100,0,48,184,24,24,0,18,-74,0,0,100,0,128,144,32,32,0,5,-54,0,0,100,0,256,280,32,40,0,17,-60,0,0,100,0,384,208,24,24,0,4,-47,0,0,100,0,48,256,16,24,0,-26,-59,1,0,100,0,416,160,64,48,0,-26,-16,0,0,100,0,680,344,88,32,0,
0,23,-26,-62,0,1,100,0,1424,96,24,24,0,-137,-114,1,1,100,90,1648,0,104,104,0,-160,-89,2,1,100,0,1648,0,104,104,0,-155,-60,0,1,100,0,1304,96,40,40,0,-90,-71,0,1,100,0,1304,96,40,40,0,-7,-58,0,1,100,0,560,272,24,24,0,-146,-82,0,1,100,0,960,872,104,104,0,-169,-104,0,1,100,-90,960,872,104,104,0,-72,-66,0,1,100,0,560,232,40,40,0,-141,-44,0,1,100,0,560,232,40,40,0,-52,-82,0,1,100,0,352,56,96,56,0,6,-79,0,0,100,0,128,112,32,32,0,-6,-61,0,0,100,90,160,216,16,16,0,-44,-86,0,0,100,0,560,0,56,56,0,-44,-86,0,1,100,0,616,0,56,56,0,1,-60,0,0,100,0,312,208,24,24,0,9,-61,0,0,100,0,48,184,24,24,0,21,-75,0,0,100,0,160,144,32,32,0,7,-55,0,0,100,0,288,280,32,40,0,6,-48,0,0,100,0,64,256,16,24,0,20,-61,0,0,100,0,384,208,24,24,0,-23,-60,1,0,100,0,480,160,64,48,0,-24,-16,0,0,100,0,680,344,88,32,0,
0,20,-149,-115,1,1,100,90,1752,0,104,104,0,-166,-103,1,1,100,90,1648,0,104,104,0,-235,-88,2,1,100,0,1648,0,104,104,0,-52,-82,0,1,40,0,352,56,96,56,0,-169,-104,0,1,100,0,1064,872,104,104,0,-193,-108,0,1,100,0,960,872,104,104,0,-136,-98,0,1,100,90,960,872,104,104,0,-203,-76,0,1,100,-90,960,872,104,104,0,-6,-62,0,0,100,90,160,216,16,16,0,1,-61,0,0,100,0,336,208,24,24,0,-44,-87,0,0,100,0,560,0,56,56,0,-44,-87,0,1,80,0,616,0,56,56,0,6,-78,0,0,100,0,96,112,32,32,0,9,-60,0,0,100,0,48,184,24,24,0,21,-74,0,0,100,0,192,144,32,32,0,7,-54,0,0,100,0,288,280,32,40,0,20,-60,0,0,100,0,384,208,24,24,0,6,-47,0,0,100,0,48,256,16,24,0,-23,-59,1,0,100,0,544,160,64,48,0,-24,-16,0,0,100,0,680,344,88,32,0,
0,34,-138,-77,0,1,100,0,1448,96,24,24,0,-132,-58,0,1,100,0,1424,96,24,24,0,-154,-67,0,1,100,0,1448,96,24,24,0,-218,-32,0,1,100,0,1424,96,24,24,0,-200,-45,0,1,100,0,1424,96,24,24,0,-222,-54,0,1,100,0,1448,96,24,24,0,-181,-103,1,1,100,90,1752,0,104,104,0,-250,-88,2,1,100,0,1752,0,104,104,0,-216,-47,0,1,40,0,1304,96,40,40,0,-140,-61,0,1,40,0,1304,96,40,40,0,-99,-29,0,1,100,0,560,272,24,24,0,-99,-74,0,1,100,0,560,272,24,24,0,-80,-40,0,1,100,0,560,272,24,24,0,-80,-61,0,1,100,0,584,272,24,24,0,-90,-66,0,1,100,0,584,272,24,24,0,-97,-47,0,1,100,0,584,272,24,24,0,-193,-108,0,1,100,0,1064,872,104,104,0,-181,-42,0,1,100,0,560,272,24,24,0,-185,-28,0,1,100,0,560,272,24,24,0,-154,-70,0,1,40,0,600,232,40,40,0,-112,-66,0,1,40,0,560,232,40,40,0,-181,-44,0,1,40,0,560,232,40,40,0,-6,-62,0,0,100,90,160,216,16,16,0,6,-78,0,0,100,0,160,112,32,32,0,1,-61,0,0,100,0,336,208,24,24,0,9,-60,0,0,100,0,48,184,24,24,0,21,-74,0,0,100,0,224,144,32,32,0,7,-54,0,0,100,0,288,280,32,40,0,20,-60,0,0,100,0,384,208,24,24,0,6,-47,0,0,100,0,80,256,16,24,0,-23,-59,1,0,100,0,608,160,64,48,0,-44,-87,0,0,100,0,560,0,56,56,0,-44,-87,0,1,100,0,616,0,56,56,0,-24,-16,0,0,100,0,680,344,88,32,0,
0,26,-147,-67,0,1,100,0,1448,96,24,24,0,-129,-85,0,1,100,0,1448,96,24,24,0,-204,-44,0,1,100,0,1448,96,24,24,0,-231,-60,0,1,100,0,1448,96,24,24,0,-100,-24,0,1,100,0,584,272,24,24,0,-98,-78,0,1,100,0,584,272,24,24,0,-78,-36,0,1,100,0,584,272,24,24,0,-124,-38,0,1,100,0,560,272,24,24,0,-177,-36,0,1,100,0,584,272,24,24,0,-187,-41,0,1,100,0,584,272,24,24,0,-194,-22,0,1,100,0,584,272,24,24,0,-137,-60,0,1,100,0,560,272,24,24,0,-176,-98,0,1,100,0,1064,872,104,104,0,-6,-62,0,0,100,90,160,216,16,16,0,6,-78,0,0,100,0,96,112,32,32,0,1,-61,0,0,100,0,336,208,24,24,0,9,-60,0,0,100,0,48,184,24,24,0,21,-74,0,0,100,0,128,144,32,32,0,7,-54,0,0,100,0,288,280,32,40,0,20,-60,0,0,100,0,384,208,24,24,0,6,-47,0,0,100,0,48,256,16,24,0,-23,-59,1,0,100,0,480,160,64,48,0,-44,-87,0,0,100,0,560,0,56,56,0,-44,-87,0,1,60,0,616,0,56,56,0,-44,-87,0,1,100,0,616,0,56,56,0,-24,-16,0,0,100,0,680,344,88,32,0,
0,16,-121,-34,0,1,100,0,584,272,24,24,0,-166,-56,0,1,100,0,584,272,24,24,0,-118,-78,0,1,100,0,584,272,24,24,0,-159,-82,0,1,100,0,584,272,24,24,0,-6,-62,0,0,100,90,160,216,16,16,0,6,-78,0,0,100,0,128,112,32,32,0,1,-61,0,0,100,0,336,208,24,24,0,9,-60,0,0,100,0,48,184,24,24,0,21,-74,0,0,100,0,160,144,32,32,0,7,-54,0,0,100,0,288,280,32,40,0,20,-60,0,0,100,0,384,208,24,24,0,6,-47,0,0,100,0,64,256,16,24,0,-23,-59,1,0,100,0,544,160,64,48,0,-44,-87,0,0,100,0,560,0,56,56,0,-44,-87,0,1,100,0,616,0,56,56,0,-24,-16,0,0,100,0,680,344,88,32,0,
0,12,-6,-62,0,0,100,90,160,216,16,16,0,6,-78,0,0,100,0,96,112,32,32,0,1,-61,0,0,100,0,336,208,24,24,0,9,-60,0,0,100,0,48,184,24,24,0,21,-74,0,0,100,0,192,144,32,32,0,7,-54,0,0,100,0,288,280,32,40,0,20,-60,0,0,100,0,384,208,24,24,0,6,-47,0,0,100,0,48,256,16,24,0,-23,-59,1,0,100,0,608,160,64,48,0,-44,-87,0,0,100,0,560,0,56,56,0,-44,-87,0,1,80,0,616,0,56,56,0,-24,-16,0,0,100,0,680,344,88,32,0,
0,12,-7,-61,0,0,100,90,160,216,16,16,0,5,-77,0,0,100,0,160,112,32,32,0,0,-60,0,0,100,0,336,208,24,24,0,8,-59,0,0,100,0,48,184,24,24,0,20,-73,0,0,100,0,224,144,32,32,0,6,-53,0,0,100,0,288,280,32,40,0,19,-59,0,0,100,0,384,208,24,24,0,5,-46,0,0,100,0,80,256,16,24,0,-24,-58,1,0,100,0,416,160,64,48,0,-45,-86,0,0,100,0,560,0,56,56,0,-45,-86,0,1,100,0,616,0,56,56,0,-25,-16,0,0,100,0,680,344,88,32,0,
0,13,-9,-59,0,0,100,90,160,216,16,16,0,3,-75,0,0,100,0,96,112,32,32,0,-2,-58,0,0,100,0,336,208,24,24,0,6,-57,0,0,100,0,48,184,24,24,0,18,-71,0,0,100,0,128,144,32,32,0,4,-51,0,0,100,0,288,280,32,40,0,17,-57,0,0,100,0,384,208,24,24,0,3,-44,0,0,100,0,48,256,16,24,0,-26,-56,1,0,100,0,480,160,64,48,0,-47,-84,0,0,100,0,560,0,56,56,0,-47,-84,0,1,60,0,616,0,56,56,0,-47,-84,0,1,100,0,616,0,56,56,0,-27,-16,0,0,100,0,680,344,88,32,0,
0,16,-44,-88,0,1,40,0,1456,0,96,96,0,-48,-72,0,1,40,0,872,160,96,96,0,-12,-54,0,0,100,90,160,216,16,16,0,0,-70,0,0,100,0,96,112,32,32,0,-5,-53,0,0,100,0,336,208,24,24,0,3,-52,0,0,100,0,48,184,24,24,0,15,-66,0,0,100,0,128,144,32,32,0,1,-46,0,0,100,0,288,280,32,40,0,14,-52,0,0,100,0,384,208,24,24,0,0,-39,0,0,100,0,48,256,16,24,0,-29,-51,1,0,100,0,480,160,64,48,0,-50,-79,0,0,100,0,560,0,56,56,0,-50,-79,0,1,100,0,616,0,56,56,0,-48,-48,0,1,40,0,872,96,96,64,0,-48,-72,0,1,40,0,872,0,96,96,0,-32,-16,0,0,100,0,680,344,88,32,0,
0,16,-44,-88,0,1,60,0,1552,0,96,96,0,-48,-72,0,1,60,0,968,160,96,96,0,-14,-34,0,0,100,90,160,216,16,16,0,6,-41,0,0,100,0,408,208,24,24,0,-9,-62,0,0,100,0,0,80,32,32,0,-5,-45,0,0,100,0,72,184,24,24,0,6,-59,0,0,100,0,256,144,32,32,0,-8,-38,0,0,100,0,64,280,32,40,0,-15,-43,0,0,100,0,432,208,24,24,0,-8,-30,0,0,100,0,48,256,16,24,0,-29,-43,1,0,100,0,608,112,64,48,0,-49,-56,0,0,100,0,448,56,56,56,0,-49,-56,0,1,80,0,504,56,56,56,0,-48,-48,0,1,60,0,968,96,96,64,0,-48,-72,0,1,60,0,968,0,96,96,0,-37,-16,0,0,100,0,680,344,88,32,0,
0,0,
0,0,
0,0,
0,15,-44,-88,0,1,100,0,1264,0,96,96,0,-48,-72,0,1,100,0,680,160,96,96,0,-17,-58,0,0,100,0,224,80,32,32,0,-3,-34,0,0,100,0,48,208,24,24,0,-14,-41,0,0,100,0,72,184,24,24,0,-5,-58,0,0,100,0,32,144,32,40,0,-16,-35,0,0,100,0,512,280,32,40,0,-20,-32,0,0,100,0,0,232,24,24,0,-16,-22,0,0,100,0,0,256,16,24,0,-28,-37,0,0,100,0,480,112,64,48,0,-58,-45,0,0,40,0,448,0,56,56,0,-58,-45,0,1,40,0,504,0,56,56,0,-48,-48,0,1,100,0,680,96,96,64,0,-48,-72,0,1,100,0,680,0,96,96,0,-44,-16,0,0,100,0,680,344,88,32,0,
0,13,-44,-88,0,1,100,0,1360,0,96,96,0,-48,-72,0,1,100,0,776,160,96,96,0,-14,-68,0,0,100,0,192,112,32,32,0,0,-46,0,0,100,0,248,256,32,24,0,-11,-50,0,0,100,0,0,184,24,24,0,-2,-66,0,0,100,0,64,144,32,40,0,-14,-40,0,0,100,0,416,280,32,40,0,-22,-45,0,0,100,0,176,256,24,24,0,-16,-32,0,0,100,0,0,256,16,24,0,-26,-48,0,0,100,0,608,112,64,48,0,-48,-48,0,1,100,0,776,96,96,64,0,-48,-72,0,1,100,0,776,0,96,96,0,-44,-16,0,0,100,0,680,344,88,32,0,
0,13,-44,-88,0,1,60,0,1456,0,96,96,0,-48,-72,0,1,60,0,872,160,96,96,0,-14,-73,0,0,100,0,224,112,32,32,0,0,-51,0,0,100,0,312,256,32,24,0,-11,-55,0,0,100,0,0,184,24,24,0,-2,-71,0,0,100,0,32,144,32,40,0,-14,-45,0,0,100,0,416,280,32,40,0,-22,-50,0,0,100,0,224,256,24,24,0,-16,-37,0,0,100,0,16,256,16,24,0,-26,-53,0,0,100,0,544,112,64,48,0,-48,-48,0,1,60,0,872,96,96,64,0,-48,-72,0,1,60,0,872,0,96,96,0,-44,-16,0,0,100,0,680,344,88,32,0,
0,0,
0,12,-44,-88,0,1,40,0,1552,0,96,96,0,-48,-72,0,1,40,0,968,160,96,96,0,-15,-62,0,0,100,0,80,232,32,24,0,-14,-74,0,0,100,0,192,112,32,32,0,-11,-56,0,0,100,0,0,184,24,24,0,-2,-74,0,0,100,0,0,144,32,40,0,-14,-46,0,0,100,0,416,280,32,40,0,-16,-38,0,0,100,0,0,256,16,24,0,-26,-54,0,0,100,0,480,112,64,48,0,-48,-48,0,1,40,0,968,96,96,64,0,-48,-72,0,1,40,0,968,0,96,96,0,-44,-16,0,0,100,0,680,344,88,32,0,
0,12,-44,-88,0,1,20,0,1264,0,96,96,0,-48,-72,0,1,20,0,680,160,96,96,0,-15,-54,0,0,100,0,112,232,32,24,0,-14,-70,0,0,100,0,0,80,32,32,0,-11,-52,0,0,100,0,0,184,24,24,0,-2,-70,0,0,100,0,0,144,32,40,0,-14,-42,0,0,100,0,416,280,32,40,0,-16,-34,0,0,100,0,0,256,16,24,0,-26,-50,0,0,100,0,544,112,64,48,0,-48,-48,0,1,20,0,680,96,96,64,0,-48,-72,0,1,20,0,680,0,96,96,0,-44,-16,0,0,100,0,680,344,88,32,0,
0,10,-70,-102,0,1,40,0,0,608,144,144,0,-70,-102,0,1,40,0,432,608,144,144,0,-13,-49,0,0,100,0,144,232,24,24,0,-16,-68,0,0,100,0,0,112,32,32,0,-12,-51,0,0,100,0,24,184,24,24,0,-4,-68,0,0,100,0,0,144,32,40,0,-20,-44,0,0,100,0,128,280,32,40,0,-15,-34,0,0,100,0,0,256,16,24,0,-25,-48,0,0,100,0,608,112,64,48,0,-44,-16,0,0,100,0,680,344,88,32,0,
0,12,-74,-95,1,1,100,0,1264,136,144,144,0,-70,-102,0,1,50,0,288,608,144,144,0,-19,-105,0,1,100,0,920,608,104,80,0,-70,-102,0,1,100,0,576,608,144,144,0,-13,-47,0,0,100,0,168,232,24,24,0,-16,-66,0,0,100,0,0,112,32,32,0,-12,-49,0,0,100,0,24,184,24,24,0,-4,-66,0,0,100,0,0,144,32,40,0,-20,-42,0,0,100,0,160,280,32,40,0,-15,-32,0,0,100,0,0,256,16,24,0,-25,-46,0,0,100,0,416,112,64,48,0,-44,-16,0,0,100,0,680,344,88,32,0,
0,12,-89,-77,0,1,100,0,1408,136,104,80,0,-3,-82,2,1,100,-90,1408,136,104,80,0,-70,-102,0,1,50,0,0,608,144,144,0,-70,-102,0,1,100,90,576,608,144,144,0,-13,-46,0,0,100,0,168,232,24,24,0,-16,-65,0,0,100,0,32,112,32,32,0,-12,-48,0,0,100,0,24,184,24,24,0,-4,-65,0,0,100,0,32,144,32,40,0,-20,-41,0,0,100,0,160,280,32,40,0,-15,-31,0,0,100,0,0,256,16,24,0,-25,-45,0,0,100,0,480,112,64,48,0,-44,-16,0,0,100,0,680,344,88,32,0,
0,14,-14,-59,2,1,100,-90,1268,152,88,92,0,-51,-113,0,1,100,0,1408,136,104,80,0,-70,-102,0,1,50,180,288,608,144,144,0,-83,-113,0,1,100,0,776,608,144,144,0,-71,-32,3,1,100,0,920,608,104,80,0,-70,-102,0,1,100,180,576,608,144,144,0,-13,-46,0,0,100,0,168,232,24,24,0,-16,-65,0,0,100,0,0,112,32,32,0,-12,-48,0,0,100,0,24,184,24,24,0,-4,-65,0,0,100,0,64,144,32,40,0,-20,-41,0,0,100,0,160,280,32,40,0,-15,-31,0,0,100,0,0,256,16,24,0,-25,-45,0,0,100,0,544,112,64,48,0,-44,-16,0,0,100,0,680,344,88,32,0,
0,11,-34,-124,2,1,100,-90,1408,136,104,80,0,-70,-102,0,1,50,0,0,608,144,144,0,-70,-102,0,1,100,270,576,608,144,144,0,-13,-46,0,0,100,0,168,232,24,24,0,-16,-65,0,0,100,0,64,112,32,32,0,-12,-48,0,0,100,0,24,184,24,24,0,-4,-65,0,0,100,0,96,144,32,40,0,-20,-41,0,0,100,0,160,280,32,40,0,-15,-31,0,0,100,0,0,256,16,24,0,-25,-45,0,0,100,0,608,112,64,48,0,-44,-16,0,0,100,0,680,344,88,32,0,
0,11,-74,-98,2,1,100,0,776,608,144,144,0,-70,-102,0,1,100,0,0,608,144,144,0,-70,-102,0,1,100,0,576,608,144,144,0,-13,-46,0,0,100,0,168,232,24,24,0,-16,-65,0,0,100,0,0,112,32,32,0,-12,-48,0,0,100,0,24,184,24,24,0,-4,-65,0,0,100,0,0,144,32,40,0,-20,-41,0,0,100,0,160,280,32,40,0,-15,-31,0,0,100,0,0,256,16,24,0,-25,-45,0,0,100,0,416,112,64,48,0,-44,-16,0,0,100,0,680,344,88,32,0,
0,10,-70,-102,0,1,50,0,0,608,144,144,0,-70,-102,0,1,100,90,576,608,144,144,0,-13,-46,0,0,100,0,168,232,24,24,0,-16,-65,0,0,100,0,32,112,32,32,0,-12,-48,0,0,100,0,24,184,24,24,0,-4,-65,0,0,100,0,32,144,32,40,0,-20,-41,0,0,100,0,160,280,32,40,0,-15,-31,0,0,100,0,0,256,16,24,0,-25,-45,0,0,100,0,480,112,64,48,0,-44,-16,0,0,100,0,680,344,88,32,0,
0,0,
0,0,
0,0,
0,0,
0,11,-21,-472,0,1,100,0,1152,0,88,488,0,-76,-472,0,1,100,0,1152,0,88,488,0,-44,-472,0,1,100,0,1064,0,88,488,0,-148,-168,0,1,100,0,0,1168,296,208,0,-11,-46,0,0,100,0,168,232,24,24,0,-14,-65,0,0,100,0,0,112,32,32,0,-10,-48,0,0,100,0,24,184,24,24,0,-2,-65,0,0,100,0,64,144,32,40,0,-18,-41,0,0,100,0,160,280,32,40,0,-11,-31,0,0,100,0,0,256,16,24,0,-44,-16,0,0,100,0,680,344,88,32,0,
0,15,11,-472,0,1,100,0,1240,0,24,488,0,-44,-472,0,1,100,0,1240,0,24,488,0,-44,-472,0,1,100,0,1240,0,24,488,0,-21,-472,0,1,30,0,1152,0,88,488,0,-76,-472,0,1,50,0,1152,0,88,488,0,-44,-472,0,1,100,0,1152,0,88,488,0,-148,-168,0,1,100,0,296,1168,296,208,0,-11,-46,0,0,100,0,168,232,24,24,0,-14,-65,0,0,100,0,0,112,32,32,0,-10,-48,0,0,100,0,24,184,24,24,0,-2,-65,0,0,100,0,64,144,32,40,0,-18,-41,0,0,100,0,160,280,32,40,0,-11,-31,0,0,100,0,0,256,16,24,0,-44,-16,0,0,100,0,680,344,88,32,0,-44,-16,0,0,100,0,680,344,88,32,0,
0,16,11,-472,0,1,30,0,1240,0,24,488,0,-44,-472,0,1,30,0,1240,0,24,488,0,-12,-472,0,1,100,0,1240,0,24,488,0,-148,-168,0,1,60,0,296,1168,296,208,0,-148,-168,0,1,40,0,592,1168,296,208,0,-14,-23,1,1,100,0,1424,96,24,24,0,-9,-68,1,1,100,0,1424,96,24,24,0,-4,-53,1,1,100,0,1424,96,24,24,0,-10,-30,1,1,100,0,1448,96,24,24,0,-5,-14,0,1,100,0,680,264,24,24,0,-10,-59,0,1,100,0,680,264,24,24,0,-15,-44,0,1,100,0,680,264,24,24,0,-9,-21,0,1,100,0,704,264,24,24,0,-28,-110,0,1,100,0,56,320,56,72,0,-28,-110,0,0,100,0,0,320,56,72,0,-44,-16,0,0,100,0,680,344,88,32,0,
0,10,-148,-168,0,1,20,0,592,1168,296,208,0,-16,-87,1,1,100,0,1424,96,24,24,0,-8,-63,1,1,100,0,1424,96,24,24,0,-11,-45,1,1,100,0,1448,96,24,24,0,-10,-73,0,1,100,0,680,264,24,24,0,-15,-58,0,1,100,0,680,264,24,24,0,-9,-35,0,1,100,0,704,264,24,24,0,-28,-135,0,1,100,0,56,320,56,72,0,-28,-135,0,0,100,0,0,320,56,72,0,-44,-16,0,0,100,0,680,344,88,32,0,
0,11,-148,-168,0,1,10,0,592,1168,296,208,0,-28,-148,0,1,100,0,448,392,56,72,0,-28,-148,0,0,100,0,112,392,56,72,0,-8,-82,1,1,100,0,1424,96,24,24,0,-7,-50,1,1,100,0,1424,96,24,24,0,-16,-76,1,1,100,0,1448,96,24,24,0,-5,-60,0,1,100,0,680,264,24,24,0,-10,-105,0,1,100,0,680,264,24,24,0,-15,-90,0,1,100,0,680,264,24,24,0,-9,-67,0,1,100,0,704,264,24,24,0,-44,-16,0,0,100,0,680,344,88,32,0,
0,11,-28,-152,0,1,100,0,504,392,56,72,0,-28,-152,0,0,100,0,168,392,56,72,0,-8,-105,1,1,40,0,1424,96,24,24,0,-7,-79,1,1,40,0,1424,96,24,24,0,-9,-48,1,1,40,0,1424,96,24,24,0,-17,-73,1,1,40,0,1448,96,24,24,0,-5,-56,0,1,40,0,680,264,24,24,0,-10,-101,0,1,40,0,680,264,24,24,0,-15,-86,0,1,40,0,680,264,24,24,0,-9,-63,0,1,40,0,704,264,24,24,0,-44,-16,0,0,90,0,680,344,88,32,0,
0,11,-33,-156,0,1,100,0,560,392,56,72,0,-33,-156,0,0,100,0,224,392,56,72,0,-8,-101,1,1,40,0,1424,96,24,24,0,-7,-76,1,1,40,0,1424,96,24,24,0,-9,-45,1,1,40,0,1424,96,24,24,0,-17,-70,1,1,40,0,1448,96,24,24,0,-5,-52,0,1,40,0,680,264,24,24,0,-10,-97,0,1,40,0,680,264,24,24,0,-15,-82,0,1,40,0,680,264,24,24,0,-9,-59,0,1,40,0,704,264,24,24,0,-44,-16,0,0,90,0,680,344,88,32,0,
0,11,-33,-160,0,1,100,0,616,392,56,72,0,-33,-160,0,0,100,0,280,392,56,72,0,-8,-97,1,1,40,0,1424,96,24,24,0,-7,-72,1,1,40,0,1424,96,24,24,0,-9,-41,1,1,40,0,1424,96,24,24,0,-17,-66,1,1,40,0,1448,96,24,24,0,-5,-48,0,1,40,0,680,264,24,24,0,-10,-93,0,1,40,0,680,264,24,24,0,-15,-78,0,1,40,0,680,264,24,24,0,-9,-55,0,1,40,0,704,264,24,24,0,-44,-16,0,0,80,0,680,344,88,32,0,
0,11,-23,-164,0,1,100,0,336,392,56,72,0,-23,-164,0,0,100,0,0,392,56,72,0,-8,-95,1,1,40,0,1424,96,24,24,0,-7,-70,1,1,40,0,1424,96,24,24,0,-9,-39,1,1,40,0,1424,96,24,24,0,-17,-64,1,1,40,0,1448,96,24,24,0,-5,-45,0,1,40,0,680,264,24,24,0,-10,-90,0,1,40,0,680,264,24,24,0,-15,-75,0,1,40,0,680,264,24,24,0,-9,-52,0,1,40,0,704,264,24,24,0,-44,-16,0,0,80,0,680,344,88,32,0,
0,11,-23,-168,0,1,100,0,392,392,56,72,0,-23,-168,0,0,100,0,56,392,56,72,0,-8,-94,1,1,20,0,1424,96,24,24,0,-7,-69,1,1,20,0,1424,96,24,24,0,-9,-38,1,1,20,0,1424,96,24,24,0,-17,-63,1,1,20,0,1448,96,24,24,0,-5,-43,0,1,20,0,680,264,24,24,0,-10,-88,0,1,20,0,680,264,24,24,0,-15,-73,0,1,20,0,680,264,24,24,0,-9,-50,0,1,20,0,704,264,24,24,0,-44,-16,0,0,80,0,680,344,88,32,0,
0,3,-28,-172,0,1,100,0,448,392,56,72,0,-28,-172,0,0,100,0,112,392,56,72,0,-44,-16,0,0,80,0,680,344,88,32,0,
0,3,-28,-176,0,1,100,0,504,392,56,72,0,-28,-176,0,0,100,0,168,392,56,72,0,-44,-16,0,0,70,0,680,344,88,32,0,
0,3,-33,-184,0,1,100,0,560,392,56,72,0,-33,-184,0,0,100,0,224,392,56,72,0,-44,-16,0,0,70,0,680,344,88,32,0,
0,3,-33,-192,0,1,100,0,616,392,56,72,0,-33,-192,0,0,100,0,280,392,56,72,0,-44,-16,0,0,70,0,680,344,88,32,0,
0,0,
0,4,-73,-327,0,1,100,0,0,608,144,144,0,-28,-200,0,1,100,0,56,536,56,72,0,-28,-200,0,0,100,0,56,464,56,72,0,-44,-16,0,0,60,0,680,344,88,32,0,
0,4,-73,-327,0,1,100,270,288,608,144,144,0,-20,-202,0,1,100,0,112,536,56,72,0,-20,-202,0,0,100,0,112,464,56,72,0,-44,-16,0,0,50,0,680,344,88,32,0,
0,7,-121,-375,0,1,100,0,0,752,240,240,0,-121,-375,0,1,50,0,720,752,240,240,0,-121,-375,0,1,30,0,480,752,240,240,0,-73,-327,0,1,100,0,144,608,144,144,0,-20,-204,0,1,100,0,168,536,56,72,0,-20,-204,0,0,100,0,168,464,56,72,0,-44,-16,0,0,50,0,680,344,88,32,0,
0,7,-121,-375,0,1,100,0,240,752,240,240,0,-121,-375,0,1,50,0,0,752,240,240,0,-121,-375,0,1,30,0,720,752,240,240,0,-73,-327,0,1,100,90,288,608,144,144,0,-20,-204,0,1,100,0,224,536,56,72,0,-20,-204,0,0,100,0,224,464,56,72,0,-44,-16,0,0,50,0,680,344,88,32,0,
0,7,-121,-375,0,1,100,0,480,752,240,240,0,-121,-375,0,1,50,0,240,752,240,240,0,-121,-375,0,1,30,0,0,752,240,240,0,-73,-327,0,1,100,180,144,608,144,144,0,-20,-204,0,1,100,0,280,536,56,72,0,-20,-204,0,0,100,0,280,464,56,72,0,-44,-16,0,0,50,0,680,344,88,32,0,
0,7,-121,-375,0,1,100,0,720,752,240,240,0,-121,-375,0,1,50,0,480,752,240,240,0,-121,-375,0,1,30,0,240,752,240,240,0,-73,-327,0,1,100,270,288,608,144,144,0,-20,-204,0,1,100,0,112,536,56,72,0,-20,-204,0,0,100,0,112,464,56,72,0,-44,-16,0,0,50,0,680,344,88,32,0,
0,9,61,-352,0,1,100,90,0,992,176,176,0,44,-315,0,1,100,90,0,992,176,176,0,-121,-311,0,1,100,0,352,992,176,176,0,-161,-287,0,1,100,0,352,992,176,176,0,-112,-264,0,1,100,0,704,992,176,176,0,-136,-240,0,1,100,0,704,992,176,176,0,-12,-234,0,1,100,0,392,320,56,72,0,-12,-234,0,0,100,0,224,320,56,72,0,-24,-16,0,0,50,0,680,344,88,32,0,
0,12,-11,-192,0,1,100,0,704,992,176,176,0,-52,-139,0,1,40,0,880,992,176,176,0,125,-392,0,1,100,90,0,992,176,176,0,108,-355,0,1,100,90,0,992,176,176,0,-135,-407,0,1,100,0,0,992,176,176,0,45,-280,0,1,100,90,0,992,176,176,0,28,-243,0,1,100,90,0,992,176,176,0,-177,-280,0,1,100,0,352,992,176,176,0,-165,-172,2,1,100,90,0,992,176,176,0,1,-246,0,1,100,0,392,536,56,72,0,1,-246,0,0,100,0,392,464,56,72,0,-14,-16,0,0,50,0,680,344,88,32,0,
0,15,101,-432,2,1,100,90,0,992,176,176,0,84,-387,2,1,100,90,0,992,176,176,0,-67,-120,0,1,100,0,704,992,176,176,0,-108,-67,0,1,40,0,880,992,176,176,0,125,-296,2,1,100,90,0,992,176,176,0,108,-259,2,1,100,90,0,992,176,176,0,-159,-385,0,1,100,0,352,992,176,176,0,38,-245,1,1,100,270,0,992,176,176,0,20,-206,1,1,100,270,0,992,176,176,0,-173,-108,2,1,100,90,0,992,176,176,0,-158,-221,0,1,100,0,704,992,176,176,0,-198,-197,0,1,100,0,704,992,176,176,0,6,-251,0,1,100,0,504,536,56,72,0,6,-251,0,0,100,0,504,464,56,72,0,-6,-16,0,0,50,0,680,344,88,32,0,
0,15,45,-320,2,1,100,90,0,992,176,176,0,28,-275,2,1,100,90,0,992,176,176,0,-367,-440,1,1,100,0,704,992,176,176,0,-342,-395,1,1,100,0,704,992,176,176,0,93,-224,2,1,100,90,0,992,176,176,0,76,-187,2,1,100,90,0,992,176,176,0,-206,-339,2,1,100,-270,704,992,176,176,0,-46,-185,0,1,100,0,704,992,176,176,0,-124,-146,0,1,100,0,704,992,176,176,0,-310,-207,0,1,100,0,352,992,176,176,0,-173,-68,2,1,40,90,176,992,176,176,0,-240,-111,2,1,100,90,0,992,176,176,0,7,-252,0,1,100,0,560,536,56,72,0,7,-252,0,0,100,0,560,464,56,72,0,-6,-16,0,0,50,0,680,344,88,32,0,
0,15,-10,-261,1,1,100,270,704,992,176,176,0,-36,-230,1,1,100,270,704,992,176,176,0,-335,-360,1,1,100,0,704,992,176,176,0,-310,-315,1,1,100,0,704,992,176,176,0,22,-117,1,1,100,270,0,992,176,176,0,-4,-94,1,1,100,270,0,992,176,176,0,-257,-293,2,1,100,-270,352,992,176,176,0,-139,-141,0,1,100,0,704,992,176,176,0,-179,-117,0,1,100,0,704,992,176,176,0,-294,-206,0,1,100,0,352,992,176,176,0,-334,-182,0,1,100,0,352,992,176,176,0,-173,-52,2,1,20,90,176,992,176,176,0,7,-252,0,1,100,0,616,536,56,72,0,7,-252,0,0,100,0,616,464,56,72,0,-6,-16,0,0,50,0,680,344,88,32,0,
0,16,-106,-197,1,1,100,270,704,992,176,176,0,-132,-166,1,1,100,270,704,992,176,176,0,-279,-296,1,1,100,0,704,992,176,176,0,-238,-243,1,1,100,0,704,992,176,176,0,10,-113,0,1,100,0,704,992,176,176,0,-68,-74,0,1,100,0,704,992,176,176,0,-125,-529,0,1,100,0,352,992,176,176,0,-276,-255,2,1,100,-270,352,992,176,176,0,-285,-193,2,1,100,-270,0,992,176,176,0,-222,-92,0,1,100,0,704,992,176,176,0,-262,-68,0,1,100,0,704,992,176,176,0,-327,-186,0,1,100,0,352,992,176,176,0,-367,-162,0,1,100,0,352,992,176,176,0,7,-252,0,1,100,0,448,536,56,72,0,7,-252,0,0,100,0,448,464,56,72,0,-6,-16,0,0,50,0,680,344,88,32,0,
0,15,-178,-133,1,1,100,270,704,992,176,176,0,-204,-102,1,1,100,270,704,992,176,176,0,-215,-224,1,1,100,0,704,992,176,176,0,-158,-187,1,1,100,0,352,992,176,176,0,-38,-65,0,1,100,0,704,992,176,176,0,-116,-26,0,1,100,0,704,992,176,176,0,-165,-481,0,1,100,0,704,992,176,176,0,-285,-191,2,1,100,-270,0,992,176,176,0,-275,-152,2,1,100,-270,0,992,176,176,0,-266,-63,0,1,100,0,704,992,176,176,0,-321,-83,0,1,100,0,704,992,176,176,0,-355,-169,0,1,40,0,352,992,176,176,0,7,-252,0,1,100,0,504,536,56,72,0,7,-252,0,0,100,0,504,464,56,72,0,-6,-16,0,0,50,0,680,344,88,32,0,
0,12,-266,-85,1,1,100,270,704,992,176,176,0,-292,-54,1,1,40,270,704,992,176,176,0,-62,-41,0,1,40,0,880,992,176,176,0,-140,-2,0,1,40,0,880,992,176,176,0,-103,-168,1,1,100,0,352,992,176,176,0,-62,-139,1,1,100,0,352,992,176,176,0,-165,-369,0,1,100,90,0,992,176,176,0,-283,-138,0,1,100,-270,0,992,176,176,0,-273,-99,0,1,100,-270,0,992,176,176,0,7,-252,0,1,100,0,560,536,56,72,0,7,-252,0,0,100,0,560,464,56,72,0,-6,-16,0,0,50,0,680,344,88,32,0,
0,13,-298,-61,1,1,100,270,704,992,176,176,0,-324,-30,1,1,40,270,880,992,176,176,0,-78,-25,0,1,20,0,880,992,176,176,0,-156,14,0,1,20,0,880,992,176,176,0,-31,-112,1,1,100,0,352,992,176,176,0,10,-83,1,1,100,0,528,992,176,176,0,-150,-280,0,1,100,90,0,992,176,176,0,-148,-239,0,1,100,90,0,992,176,176,0,-278,-98,0,1,40,-270,176,992,176,176,0,-268,-59,0,1,40,-270,176,992,176,176,0,7,-252,0,1,100,0,616,536,56,72,0,7,-252,0,0,100,0,616,464,56,72,0,-6,-16,0,0,50,0,680,344,88,32,0,
0,8,-340,-22,1,1,20,270,880,992,176,176,0,-15,-96,1,1,40,0,352,992,176,176,0,33,-64,1,1,40,0,528,992,176,176,0,-157,-233,2,1,100,90,0,992,176,176,0,-155,-184,2,1,100,90,0,992,176,176,0,7,-252,0,1,100,0,448,536,56,72,0,7,-252,0,0,100,0,448,464,56,72,0,-6,-16,0,0,50,0,680,344,88,32,0,
0,10,-522,-337,1,1,40,0,960,1408,280,208,0,41,-56,1,1,20,0,528,992,176,176,0,-342,-275,1,1,100,0,704,992,176,176,0,-302,-227,1,1,100,0,704,992,176,176,0,142,-337,0,1,40,0,888,1168,280,208,0,-171,-138,2,1,100,90,176,992,176,176,0,-179,-95,2,1,100,90,0,992,176,176,0,7,-252,0,1,100,0,504,536,56,72,0,7,-252,0,0,100,0,504,464,56,72,0,-6,-16,0,0,50,0,680,344,88,32,0,
0,8,-478,-303,1,1,100,0,960,1408,280,208,0,-262,-195,1,1,100,0,352,992,176,176,0,-214,-171,1,1,100,0,352,992,176,176,0,78,-313,0,1,100,0,888,1168,280,208,0,-186,-71,2,1,100,90,0,992,176,176,0,7,-252,0,1,100,0,560,536,56,72,0,7,-252,0,0,100,0,560,464,56,72,0,-6,-16,0,0,50,0,680,344,88,32,0,
0,10,-436,-279,1,1,40,0,960,1408,280,208,0,-412,-255,1,1,100,0,960,1408,280,208,0,-182,-131,1,1,100,0,352,992,176,176,0,-134,-107,1,1,100,0,352,992,176,176,0,42,-291,0,1,40,0,888,1168,280,208,0,14,-265,0,1,100,0,888,1168,280,208,0,-187,-65,2,1,40,90,176,992,176,176,0,7,-252,0,1,100,0,616,536,56,72,0,7,-252,0,0,100,0,616,464,56,72,0,-6,-16,0,0,50,0,680,344,88,32,0,
0,10,-336,-215,1,1,40,0,960,1408,280,208,0,-306,-187,1,1,100,0,960,1408,280,208,0,-118,-91,1,1,40,0,528,992,176,176,0,-70,-67,1,1,40,0,528,992,176,176,0,-65,-214,0,1,40,0,888,1168,280,208,0,-97,-182,0,1,100,0,888,1168,280,208,0,-187,-61,2,1,20,90,176,992,176,176,0,7,-252,0,1,100,0,448,536,56,72,0,7,-252,0,0,100,0,448,464,56,72,0,-6,-16,0,0,50,0,680,344,88,32,0,
0,8,-178,-141,1,1,40,0,960,1408,280,208,0,-148,-113,1,1,100,0,960,1408,280,208,0,-62,-59,1,1,20,0,528,992,176,176,0,-210,-146,0,1,40,0,888,1168,280,208,0,-242,-113,0,1,100,0,888,1168,280,208,0,7,-252,0,1,100,0,504,536,56,72,0,7,-252,0,0,100,0,504,464,56,72,0,-6,-16,0,0,50,0,680,344,88,32,0,
0,7,-156,-127,1,1,40,0,960,1408,280,208,0,-118,-91,1,1,100,0,960,1408,280,208,0,-229,-133,0,1,20,0,888,1168,280,208,0,-265,-97,0,1,100,0,888,1168,280,208,0,7,-252,0,1,100,0,560,536,56,72,0,7,-252,0,0,100,0,560,464,56,72,0,-6,-16,0,0,50,0,680,344,88,32,0,
0,5,-112,-85,1,1,40,0,960,1408,280,208,0,-302,-80,0,1,40,0,888,1168,280,208,0,7,-252,0,1,100,0,616,536,56,72,0,7,-252,0,0,100,0,616,464,56,72,0,-6,-16,0,0,50,0,680,344,88,32,0,
0,5,-96,-77,1,1,20,0,960,1408,280,208,0,-318,-71,0,1,20,0,888,1168,280,208,0,7,-252,0,1,100,0,448,536,56,72,0,7,-252,0,0,100,0,448,464,56,72,0,-6,-16,0,0,50,0,680,344,88,32,0,
0,3,7,-252,0,1,100,0,504,536,56,72,0,7,-252,0,0,100,0,504,464,56,72,0,-6,-16,0,0,50,0,680,344,88,32,0,
0,3,7,-252,0,1,100,0,560,536,56,72,0,7,-252,0,0,100,0,560,464,56,72,0,-6,-16,0,0,50,0,680,344,88,32,0,
0,3,7,-252,0,1,100,0,616,536,56,72,0,7,-252,0,0,100,0,616,464,56,72,0,-6,-16,0,0,50,0,680,344,88,32,0,
0,3,7,-252,0,1,100,0,448,536,56,72,0,7,-252,0,0,100,0,448,464,56,72,0,-6,-16,0,0,50,0,680,344,88,32,0,
0,3,12,-252,0,1,100,0,392,320,56,72,0,12,-252,0,0,100,0,224,320,56,72,0,-5,-16,0,0,50,0,680,344,88,32,0,
0,3,12,-228,0,1,100,0,448,320,56,72,0,12,-228,0,0,100,0,280,320,56,72,0,3,-16,0,0,50,0,680,344,88,32,0,
0,11,33,-211,0,1,100,0,1424,96,24,24,0,4,-212,0,1,100,0,1424,96,24,24,0,1,-230,0,1,40,0,1424,96,24,24,0,-13,-225,0,1,40,0,1448,96,24,24,0,9,-219,0,1,100,0,680,264,24,24,0,-8,-215,0,1,100,0,680,264,24,24,0,-16,-233,0,1,40,0,680,264,24,24,0,-26,-222,0,1,40,0,704,264,24,24,0,33,-197,0,1,100,0,504,320,56,72,0,33,-197,0,0,100,0,336,320,56,72,0,17,-16,0,0,60,0,680,344,88,32,0,
0,24,46,-204,0,1,100,0,1424,96,24,24,0,5,-222,0,1,40,0,1424,96,24,24,0,-10,-218,0,1,40,0,1448,96,24,24,0,58,-187,0,1,100,0,1424,96,24,24,0,78,-131,0,1,100,0,1424,96,24,24,0,89,-150,0,1,100,0,1424,96,24,24,0,78,-162,0,1,100,0,1448,96,24,24,0,86,-161,0,1,100,0,1448,96,24,24,0,27,-212,0,1,100,0,1448,96,24,24,0,13,-224,0,1,40,0,1448,96,24,24,0,8,-152,0,1,40,0,960,752,128,120,0,39,-211,0,1,100,0,680,264,24,24,0,15,-217,0,1,40,0,680,264,24,24,0,5,-206,0,1,40,0,704,264,24,24,0,64,-193,0,1,100,0,680,264,24,24,0,85,-124,0,1,100,0,680,264,24,24,0,87,-134,0,1,100,0,680,264,24,24,0,78,-170,0,1,100,0,704,264,24,24,0,84,-143,0,1,100,0,704,264,24,24,0,37,-204,0,1,100,0,704,264,24,24,0,20,-219,0,1,40,0,704,264,24,24,0,49,-133,0,1,100,0,504,320,56,72,0,49,-133,0,0,100,0,336,320,56,72,0,31,-16,0,0,80,0,680,344,88,32,0,
0,36,33,-207,0,1,40,0,1424,96,24,24,0,53,-202,0,1,40,0,1448,96,24,24,0,72,-185,0,1,40,0,1448,96,24,24,0,27,-214,0,1,40,0,1448,96,24,24,0,78,-102,0,1,100,0,1448,96,24,24,0,43,-85,0,1,100,0,1424,96,24,24,0,32,-85,0,1,100,0,1424,96,24,24,0,67,-89,0,1,100,0,1424,96,24,24,0,76,-113,0,1,100,0,1424,96,24,24,0,59,-100,0,1,100,0,1424,96,24,24,0,50,-76,0,1,100,0,1424,96,24,24,0,80,-124,0,1,100,0,1424,96,24,24,0,48,-82,0,1,100,0,1424,96,24,24,0,80,-136,0,1,100,0,1424,96,24,24,0,82,-162,0,1,100,0,1448,96,24,24,0,80,-146,0,1,100,0,1448,96,24,24,0,-32,-112,0,1,100,0,960,752,128,120,0,41,-209,0,1,40,0,680,264,24,24,0,58,-194,0,1,40,0,704,264,24,24,0,66,-188,0,1,40,0,704,264,24,24,0,39,-202,0,1,40,0,704,264,24,24,0,80,-95,0,1,100,0,704,264,24,24,0,43,-85,0,1,100,0,680,264,24,24,0,32,-80,0,1,100,0,680,264,24,24,0,72,-94,0,1,100,0,680,264,24,24,0,70,-107,0,1,100,0,680,264,24,24,0,62,-96,0,1,100,0,680,264,24,24,0,42,-73,0,1,100,0,680,264,24,24,0,83,-121,0,1,100,0,680,264,24,24,0,44,-83,0,1,100,0,680,264,24,24,0,85,-131,0,1,100,0,680,264,24,24,0,77,-167,0,1,100,0,704,264,24,24,0,82,-140,0,1,100,0,704,264,24,24,0,10,-91,0,1,100,0,504,320,56,72,0,10,-91,0,0,100,0,336,320,56,72,0,-11,-16,0,0,90,0,680,344,88,32,0,
0,29,51,-201,0,1,40,0,1448,96,24,24,0,68,-179,0,1,40,0,1448,96,24,24,0,78,-127,0,1,100,0,1448,96,24,24,0,80,-140,0,1,100,0,1448,96,24,24,0,53,-79,0,1,100,0,1448,96,24,24,0,73,-102,0,1,100,0,1448,96,24,24,0,64,-95,0,1,100,0,1448,96,24,24,0,42,-82,0,1,100,0,1424,96,24,24,0,-49,-101,0,1,100,0,960,752,128,120,0,59,-193,0,1,40,0,704,264,24,24,0,68,-186,0,1,40,0,704,264,24,24,0,83,-121,0,1,100,0,704,264,24,24,0,85,-131,0,1,100,0,704,264,24,24,0,52,-83,0,1,100,0,704,264,24,24,0,65,-87,0,1,100,0,704,264,24,24,0,60,-94,0,1,100,0,704,264,24,24,0,39,-77,0,1,100,0,680,264,24,24,0,11,-54,0,0,100,0,312,232,24,24,0,-5,-75,0,0,100,0,32,80,32,32,0,-1,-58,0,0,100,0,72,184,24,24,0,7,-71,0,0,100,0,128,144,32,32,0,1,-50,0,0,100,0,96,280,32,40,0,0,-40,0,0,100,0,0,256,16,24,0,-2,-51,0,0,100,0,0,232,24,24,0,-40,-64,0,0,20,0,448,0,56,56,0,-40,-64,0,1,20,0,504,0,56,56,0,-14,-58,0,0,100,0,480,112,64,48,0,-6,-79,0,0,40,0,336,320,56,72,0,-29,-16,0,0,100,0,680,344,88,32,0,
0,24,47,-84,0,1,40,0,1472,96,24,24,0,61,-95,0,1,40,0,1448,96,24,24,0,30,-76,0,1,40,0,1448,96,24,24,0,84,-117,0,1,40,0,1448,96,24,24,0,79,-141,0,1,40,0,1448,96,24,24,0,-61,-87,0,1,80,0,960,752,128,120,0,-61,-87,0,1,60,0,1088,752,128,120,0,48,-80,0,1,40,0,728,264,24,24,0,56,-91,0,1,40,0,704,264,24,24,0,35,-74,0,1,40,0,704,264,24,24,0,82,-120,0,1,40,0,704,264,24,24,0,84,-130,0,1,40,0,704,264,24,24,0,-15,-58,0,0,100,0,224,80,32,32,0,-1,-34,0,0,100,0,48,208,24,24,0,-13,-40,0,0,100,0,24,184,24,24,0,-3,-58,0,0,100,0,0,144,32,40,0,-14,-35,0,0,100,0,512,280,32,40,0,-18,-32,0,0,100,0,0,232,24,24,0,-14,-22,0,0,100,0,0,256,16,24,0,-26,-37,0,0,100,0,480,112,64,48,0,-56,-45,0,0,40,0,448,0,56,56,0,-56,-45,0,1,40,0,504,0,56,56,0,-17,-61,0,0,20,0,336,320,56,72,0,-44,-16,0,0,100,0,680,344,88,32,0,
0,17,-44,-88,0,1,40,0,1456,0,96,96,0,-48,-72,0,1,40,0,872,160,96,96,0,-63,-87,0,1,40,0,960,752,128,120,0,-63,-87,0,1,30,0,1088,752,128,120,0,-17,-58,0,0,100,0,224,80,32,32,0,-3,-34,0,0,100,0,48,208,24,24,0,-15,-40,0,0,100,0,24,184,24,24,0,-5,-58,0,0,100,0,0,144,32,40,0,-16,-35,0,0,100,0,512,280,32,40,0,-20,-32,0,0,100,0,0,232,24,24,0,-16,-22,0,0,100,0,0,256,16,24,0,-28,-37,0,0,100,0,480,112,64,48,0,-58,-45,0,0,60,0,448,0,56,56,0,-58,-45,0,1,60,0,504,0,56,56,0,-48,-48,0,1,40,0,872,96,96,64,0,-48,-72,0,1,40,0,872,0,96,96,0,-44,-16,0,0,100,0,680,344,88,32,0,
0,15,-44,-88,0,1,60,0,1552,0,96,96,0,-48,-72,0,1,60,0,968,160,96,96,0,-15,-60,0,0,100,0,0,80,32,32,0,-3,-36,0,0,100,0,0,208,24,24,0,-12,-42,0,0,100,0,0,184,24,24,0,-3,-60,0,0,100,0,0,144,32,40,0,-16,-35,0,0,100,0,0,280,32,40,0,-20,-35,0,0,100,0,0,232,24,24,0,-16,-24,0,0,100,0,0,256,16,24,0,-26,-40,0,0,100,0,416,112,64,48,0,-58,-48,0,0,100,0,448,0,56,56,0,-58,-48,0,1,100,0,504,0,56,56,0,-48,-48,0,1,60,0,968,96,96,64,0,-48,-72,0,1,60,0,968,0,96,96,0,-44,-16,0,0,100,0,680,344,88,32,0,
0,0,
0,18,60,-88,0,1,100,0,1264,0,96,96,0,64,-72,0,1,100,0,680,160,96,96,0,62,-72,0,0,100,0,0,0,88,80,0,54,-48,0,1,100,0,504,0,56,56,0,64,-48,0,1,100,0,680,96,96,64,0,64,-72,0,1,100,0,680,0,96,96,0,68,-16,0,0,100,0,680,344,88,32,0,-48,-72,0,1,100,0,680,160,96,96,0,-50,-72,0,0,100,0,0,0,88,80,0,-58,-48,0,1,100,0,504,0,56,56,0,-48,-48,0,1,100,0,680,96,96,64,0,-48,-72,0,1,100,0,680,0,96,96,0,-44,-16,0,0,100,0,680,344,88,32,0,-162,-72,0,0,100,0,0,0,88,80,0,-170,-48,0,1,100,0,504,0,56,56,0,-160,-48,0,1,100,0,680,96,96,64,0,-156,-16,0,0,100,0,680,344,88,32,0,-274,-72,0,0,100,0,0,0,88,80,0,
0,0,
0,5,-73,-327,0,1,100,0,0,608,144,144,0,-73,-327,0,1,50,0,432,608,144,144,0,-28,-200,0,1,100,0,56,536,56,72,0,-28,-200,0,0,100,0,56,464,56,72,0,-44,-16,0,0,60,0,680,344,88,32,0,
0,5,-73,-327,0,1,100,0,576,608,144,144,0,-73,-327,0,1,100,270,288,608,144,144,0,-20,-202,0,1,100,0,112,536,56,72,0,-20,-202,0,0,100,0,112,464,56,72,0,-44,-16,0,0,50,0,680,344,88,32,0,
0,7,-121,-375,0,1,100,0,0,1376,240,240,0,-121,-375,0,1,50,0,720,1376,240,240,0,-121,-375,0,1,30,0,480,752,240,240,0,-73,-327,0,1,100,0,144,608,144,144,0,-20,-204,0,1,100,0,168,536,56,72,0,-20,-204,0,0,100,0,168,464,56,72,0,-44,-16,0,0,50,0,680,344,88,32,0,
0,7,-121,-375,0,1,100,0,240,1376,240,240,0,-121,-375,0,1,50,0,0,1376,240,240,0,-121,-375,0,1,30,0,720,752,240,240,0,-73,-327,0,1,100,90,288,608,144,144,0,-20,-204,0,1,100,0,224,536,56,72,0,-20,-204,0,0,100,0,224,464,56,72,0,-44,-16,0,0,50,0,680,344,88,32,0,
0,7,-121,-375,0,1,100,0,480,1376,240,240,0,-121,-375,0,1,50,0,240,1376,240,240,0,-121,-375,0,1,30,0,0,752,240,240,0,-73,-327,0,1,100,180,144,608,144,144,0,-20,-204,0,1,100,0,280,536,56,72,0,-20,-204,0,0,100,0,280,464,56,72,0,-44,-16,0,0,50,0,680,344,88,32,0,
0,7,-121,-375,0,1,100,0,720,1376,240,240,0,-121,-375,0,1,50,0,480,1376,240,240,0,-121,-375,0,1,30,0,240,752,240,240,0,-73,-327,0,1,100,270,288,608,144,144,0,-20,-204,0,1,100,0,112,536,56,72,0,-20,-204,0,0,100,0,112,464,56,72,0,-44,-16,0,0,50,0,680,344,88,32,0,
0,9,61,-352,0,1,100,90,0,1616,176,176,0,44,-315,0,1,100,90,0,992,176,176,0,-121,-311,0,1,100,0,352,1616,176,176,0,-161,-287,0,1,100,0,352,992,176,176,0,-112,-264,0,1,100,0,704,1616,176,176,0,-136,-240,0,1,100,0,704,992,176,176,0,-12,-234,0,1,100,0,392,320,56,72,0,-12,-234,0,0,100,0,224,320,56,72,0,-24,-16,0,0,50,0,680,344,88,32,0,
0,13,-11,-192,0,1,100,0,704,1616,176,176,0,-52,-139,0,1,40,0,880,992,176,176,0,125,-392,0,1,100,90,0,1616,176,176,0,108,-355,0,1,100,90,0,992,176,176,0,-135,-407,0,1,100,0,0,1616,176,176,0,45,-280,0,1,100,90,0,1616,176,176,0,28,-243,0,1,100,90,0,992,176,176,0,-139,-298,0,1,100,0,352,1616,176,176,0,-177,-280,0,1,100,0,352,992,176,176,0,-165,-172,2,1,100,90,0,1616,176,176,0,1,-246,0,1,100,0,392,536,56,72,0,1,-246,0,0,100,0,392,464,56,72,0,-14,-16,0,0,50,0,680,344,88,32,0,
0,15,101,-432,2,1,100,90,0,1616,176,176,0,84,-387,2,1,100,90,0,992,176,176,0,-67,-120,0,1,100,0,704,1616,176,176,0,-108,-67,0,1,40,0,880,992,176,176,0,125,-296,2,1,100,90,0,1616,176,176,0,108,-259,2,1,100,90,0,992,176,176,0,-159,-385,0,1,100,0,352,1616,176,176,0,38,-245,1,1,100,270,0,1616,176,176,0,20,-206,1,1,100,270,0,992,176,176,0,-173,-108,2,1,100,90,0,1616,176,176,0,-158,-221,0,1,100,0,704,1616,176,176,0,-198,-197,0,1,100,0,704,992,176,176,0,6,-251,0,1,100,0,504,536,56,72,0,6,-251,0,0,100,0,504,464,56,72,0,-6,-16,0,0,50,0,680,344,88,32,0,
0,16,45,-320,2,1,100,90,0,1616,176,176,0,28,-275,2,1,100,90,0,992,176,176,0,-367,-440,1,1,100,0,704,1616,176,176,0,-342,-395,1,1,100,0,704,992,176,176,0,93,-224,2,1,100,90,0,1616,176,176,0,76,-187,2,1,100,90,0,992,176,176,0,-206,-339,2,1,100,-270,704,1616,176,176,0,-46,-185,0,1,100,0,704,1616,176,176,0,-124,-146,0,1,100,0,704,992,176,176,0,-260,-231,0,1,100,0,352,1616,176,176,0,-310,-207,0,1,100,0,352,992,176,176,0,-173,-68,2,1,40,90,176,1616,176,176,0,-240,-111,2,1,100,90,0,992,176,176,0,7,-252,0,1,100,0,560,536,56,72,0,7,-252,0,0,100,0,560,464,56,72,0,-6,-16,0,0,50,0,680,344,88,32,0,
0,15,-10,-261,1,1,100,270,704,1616,176,176,0,-36,-230,1,1,100,270,704,992,176,176,0,-335,-360,1,1,100,0,704,1616,176,176,0,-310,-315,1,1,100,0,704,992,176,176,0,22,-117,1,1,100,270,0,1616,176,176,0,-4,-94,1,1,100,270,0,992,176,176,0,-257,-293,2,1,100,-270,352,1616,176,176,0,-139,-141,0,1,100,0,704,1616,176,176,0,-179,-117,0,1,100,0,704,992,176,176,0,-294,-206,0,1,100,0,352,1616,176,176,0,-334,-182,0,1,100,0,352,992,176,176,0,-173,-52,2,1,20,90,176,992,176,176,0,7,-252,0,1,100,0,616,536,56,72,0,7,-252,0,0,100,0,616,464,56,72,0,-6,-16,0,0,50,0,680,344,88,32,0,
0,17,-106,-197,1,1,100,270,704,1616,176,176,0,-132,-166,1,1,100,270,704,992,176,176,0,-279,-296,1,1,100,0,704,1616,176,176,0,-238,-243,1,1,100,0,704,992,176,176,0,10,-113,0,1,100,0,704,1616,176,176,0,-68,-74,0,1,100,0,704,992,176,176,0,-125,-529,0,1,100,0,352,992,176,176,0,-125,-529,0,1,100,0,352,1616,176,176,0,-276,-255,2,1,100,-270,352,1616,176,176,0,-285,-193,2,1,100,-270,0,992,176,176,0,-222,-92,0,1,100,0,704,1616,176,176,0,-262,-68,0,1,100,0,704,992,176,176,0,-327,-186,0,1,100,0,352,1616,176,176,0,-367,-162,0,1,100,0,352,992,176,176,0,7,-252,0,1,100,0,448,536,56,72,0,7,-252,0,0,100,0,448,464,56,72,0,-6,-16,0,0,50,0,680,344,88,32,0,
0,16,-178,-133,1,1,100,270,704,1616,176,176,0,-204,-102,1,1,100,270,704,992,176,176,0,-215,-224,1,1,100,0,704,1616,176,176,0,-158,-187,1,1,100,0,352,992,176,176,0,-38,-65,0,1,100,0,704,1616,176,176,0,-116,-26,0,1,100,0,704,992,176,176,0,-165,-481,0,1,100,0,704,992,176,176,0,-165,-481,0,1,100,0,704,1616,176,176,0,-285,-191,2,1,100,-270,0,1616,176,176,0,-275,-152,2,1,100,-270,0,992,176,176,0,-266,-63,0,1,100,0,704,1616,176,176,0,-321,-83,0,1,100,0,704,992,176,176,0,-355,-169,0,1,40,0,352,1616,176,176,0,7,-252,0,1,100,0,504,536,56,72,0,7,-252,0,0,100,0,504,464,56,72,0,-6,-16,0,0,50,0,680,344,88,32,0,
0,13,-266,-85,1,1,100,270,704,1616,176,176,0,-292,-54,1,1,40,270,704,992,176,176,0,-62,-41,0,1,40,0,880,1616,176,176,0,-140,-2,0,1,40,0,880,992,176,176,0,-103,-168,1,1,100,0,352,1616,176,176,0,-62,-139,1,1,100,0,352,992,176,176,0,-165,-369,0,1,100,90,0,992,176,176,0,-165,-369,0,1,100,90,0,1616,176,176,0,-283,-138,0,1,100,-270,0,1616,176,176,0,-273,-99,0,1,100,-270,0,992,176,176,0,7,-252,0,1,100,0,560,536,56,72,0,7,-252,0,0,100,0,560,464,56,72,0,-6,-16,0,0,50,0,680,344,88,32,0,
0,13,-298,-61,1,1,100,270,704,1616,176,176,0,-324,-30,1,1,40,270,880,992,176,176,0,-78,-25,0,1,20,0,880,1616,176,176,0,-156,14,0,1,20,0,880,992,176,176,0,-31,-112,1,1,100,0,352,1616,176,176,0,10,-83,1,1,100,0,528,992,176,176,0,-150,-280,0,1,100,90,0,1616,176,176,0,-148,-239,0,1,100,90,0,992,176,176,0,-278,-98,0,1,40,-270,176,1616,176,176,0,-268,-59,0,1,40,-270,176,992,176,176,0,7,-252,0,1,100,0,616,536,56,72,0,7,-252,0,0,100,0,616,464,56,72,0,-6,-16,0,0,50,0,680,344,88,32,0,
0,8,-340,-22,1,1,20,270,880,1616,176,176,0,-15,-96,1,1,40,0,352,1616,176,176,0,33,-64,1,1,40,0,528,992,176,176,0,-157,-233,2,1,100,90,0,1616,176,176,0,-155,-184,2,1,100,90,0,992,176,176,0,7,-252,0,1,100,0,448,536,56,72,0,7,-252,0,0,100,0,448,464,56,72,0,-6,-16,0,0,50,0,680,344,88,32,0,
0,12,-522,-337,1,1,40,0,960,1408,280,208,0,41,-56,1,1,20,0,528,1616,176,176,0,-342,-275,1,1,100,0,704,1616,176,176,0,-302,-227,1,1,100,0,704,992,176,176,0,-293,-303,2,1,100,-270,0,1616,176,176,0,-283,-264,2,1,100,-270,0,992,176,176,0,142,-337,0,1,40,0,888,1168,280,208,0,-171,-138,2,1,100,90,176,1616,176,176,0,-179,-95,2,1,100,90,0,992,176,176,0,7,-252,0,1,100,0,504,536,56,72,0,7,-252,0,0,100,0,504,464,56,72,0,-6,-16,0,0,50,0,680,344,88,32,0,
0,12,-498,-331,1,1,100,0,888,1168,280,208,0,-478,-303,1,1,100,0,960,1408,280,208,0,-262,-195,1,1,100,0,352,1616,176,176,0,-214,-171,1,1,100,0,352,992,176,176,0,112,-337,0,1,100,0,960,1408,280,208,0,78,-313,0,1,100,0,888,1168,280,208,0,-285,-239,2,1,100,-270,0,1616,176,176,0,-275,-200,2,1,100,-270,0,992,176,176,0,-186,-71,2,1,100,90,0,1616,176,176,0,7,-252,0,1,100,0,560,536,56,72,0,7,-252,0,0,100,0,560,464,56,72,0,-6,-16,0,0,50,0,680,344,88,32,0,
0,16,-456,-303,1,1,40,0,888,1168,280,208,0,-428,-277,1,1,100,0,888,1168,280,208,0,-436,-279,1,1,40,0,960,1408,280,208,0,-412,-255,1,1,100,0,960,1408,280,208,0,-182,-131,1,1,100,0,352,1616,176,176,0,-134,-107,1,1,100,0,352,992,176,176,0,62,-313,0,1,40,0,960,1408,280,208,0,38,-289,0,1,100,0,960,1408,280,208,0,42,-291,0,1,40,0,888,1168,280,208,0,14,-265,0,1,100,0,888,1168,280,208,0,-285,-191,2,1,40,-270,176,1616,176,176,0,-275,-152,2,1,100,-270,0,992,176,176,0,-187,-65,2,1,40,90,176,1616,176,176,0,7,-252,0,1,100,0,616,536,56,72,0,7,-252,0,0,100,0,616,464,56,72,0,-6,-16,0,0,50,0,680,344,88,32,0,
0,15,-376,-248,1,1,40,0,888,1168,280,208,0,-344,-216,1,1,100,0,888,1168,280,208,0,-336,-215,1,1,40,0,960,1408,280,208,0,-306,-187,1,1,100,0,960,1408,280,208,0,-118,-91,1,1,40,0,528,1616,176,176,0,-70,-67,1,1,40,0,528,992,176,176,0,-275,-144,2,1,40,-270,176,1616,176,176,0,-27,-239,0,1,40,0,960,1408,280,208,0,-57,-211,0,1,100,0,960,1408,280,208,0,-65,-214,0,1,40,0,888,1168,280,208,0,-97,-182,0,1,100,0,888,1168,280,208,0,-187,-61,2,1,20,90,176,1616,176,176,0,7,-252,0,1,100,0,448,536,56,72,0,7,-252,0,0,100,0,448,464,56,72,0,-6,-16,0,0,50,0,680,344,88,32,0,
0,12,-216,-178,1,1,40,0,888,1168,280,208,0,-184,-145,1,1,100,0,888,1168,280,208,0,-178,-141,1,1,40,0,960,1408,280,208,0,-148,-113,1,1,100,0,960,1408,280,208,0,-62,-59,1,1,20,0,528,1616,176,176,0,-184,-169,0,1,40,0,960,1408,280,208,0,-214,-141,0,1,100,0,960,1408,280,208,0,-210,-146,0,1,40,0,888,1168,280,208,0,-242,-113,0,1,100,0,888,1168,280,208,0,7,-252,0,1,100,0,504,536,56,72,0,7,-252,0,0,100,0,504,464,56,72,0,-6,-16,0,0,50,0,680,344,88,32,0,
0,11,-176,-149,1,1,20,0,888,1168,280,208,0,-140,-113,1,1,100,0,888,1168,280,208,0,-156,-127,1,1,20,0,960,1408,280,208,0,-118,-91,1,1,100,0,960,1408,280,208,0,-203,-161,0,1,20,0,960,1408,280,208,0,-241,-125,0,1,100,0,960,1408,280,208,0,-229,-133,0,1,20,0,888,1168,280,208,0,-265,-97,0,1,100,0,888,1168,280,208,0,7,-252,0,1,100,0,560,536,56,72,0,7,-252,0,0,100,0,560,464,56,72,0,-6,-16,0,0,50,0,680,344,88,32,0,
0,7,-112,-85,1,1,40,0,960,1408,280,208,0,-128,-104,1,1,40,0,888,1168,280,208,0,-278,-101,0,1,40,0,960,1408,280,208,0,-302,-80,0,1,40,0,888,1168,280,208,0,7,-252,0,1,100,0,616,536,56,72,0,7,-252,0,0,100,0,616,464,56,72,0,-6,-16,0,0,50,0,680,344,88,32,0,
0,7,-108,-85,1,1,20,0,888,1168,280,208,0,-96,-77,1,1,20,0,960,1408,280,208,0,-310,-81,0,1,20,0,960,1408,280,208,0,-318,-71,0,1,20,0,888,1168,280,208,0,7,-252,0,1,100,0,448,536,56,72,0,7,-252,0,0,100,0,448,464,56,72,0,-6,-16,0,0,50,0,680,344,88,32,0,
0,3,7,-252,0,1,100,0,504,536,56,72,0,7,-252,0,0,100,0,504,464,56,72,0,-6,-16,0,0,50,0,680,344,88,32,0,
0,3,7,-252,0,1,100,0,560,536,56,72,0,7,-252,0,0,100,0,560,464,56,72,0,-6,-16,0,0,50,0,680,344,88,32,0,
0,3,7,-252,0,1,100,0,616,536,56,72,0,7,-252,0,0,100,0,616,464,56,72,0,-6,-16,0,0,50,0,680,344,88,32,0,
0,3,7,-252,0,1,100,0,448,536,56,72,0,7,-252,0,0,100,0,448,464,56,72,0,-6,-16,0,0,50,0,680,344,88,32,0,
