121,0,0,14,
124,0,0,14,
122,0,0,14,
123,0,0,14,
